63.524809 -12.952348 25.877736 -3.184749 23.645025 -33.865692 -0.056797 -6.223839 -22.418785 -13.526439 
-12.952348 12.205769 -6.525113 -3.489340 -10.233281 6.666992 -4.044357 6.074127 -0.423000 14.577214 
25.877736 -6.525113 39.682209 2.323680 25.172220 -22.803087 20.119031 -1.758629 -11.171256 -15.498208 
-3.184749 -3.489340 2.323680 23.017976 -1.362076 9.038611 15.782552 11.273191 11.409451 -13.499618 
23.645025 -10.233281 25.172220 -1.362076 26.382428 -22.779326 7.282275 -13.983526 -6.529733 -20.317286 
-33.865692 6.666992 -22.803087 9.038611 -22.779326 31.677700 3.917240 12.890960 13.805133 8.318627 
-0.056797 -4.044357 20.119031 15.782552 7.282275 3.917240 49.678858 12.285332 4.559408 -20.546067 
-6.223839 6.074127 -1.758629 11.273191 -13.983526 12.890960 12.285332 28.981509 4.632508 15.797237 
-22.418785 -0.423000 -11.171256 11.409451 -6.529733 13.805133 4.559408 4.632508 19.589083 -0.631155 
-13.526439 14.577214 -15.498208 -13.499618 -20.317286 8.318627 -20.546067 15.797237 -0.631155 47.672599 

1.000000 1.740000 3.027600 5.268024 9.166362 15.949469 27.752077 48.288614 84.022188 146.198607 
