7.027132 -2.421926 -0.264329 1.173766 -0.601615 -2.582213 1.887640 -1.907916 3.373041 0.858437 
-2.421926 7.389956 2.133671 -3.317143 3.081863 2.915767 0.631153 4.032117 0.881327 0.343065 
-0.264329 2.133671 15.656115 -2.497767 5.315627 0.957406 -1.193637 0.858964 0.558558 2.165747 
1.173766 -3.317143 -2.497767 7.465656 -2.441546 -3.444378 0.946426 -1.479185 -0.266660 -0.498354 
-0.601615 3.081863 5.315627 -2.441546 10.575369 -1.155499 -0.932532 2.227596 2.167246 0.859895 
-2.582213 2.915767 0.957406 -3.444378 -1.155499 8.002732 -0.721175 2.804360 -2.631857 0.259912 
1.887640 0.631153 -1.193637 0.946426 -0.932532 -0.721175 6.277401 -0.571289 4.101411 -0.794529 
-1.907916 4.032117 0.858964 -1.479185 2.227596 2.804360 -0.571289 5.088970 -0.761658 -0.118369 
3.373041 0.881327 0.558558 -0.266660 2.167246 -2.631857 4.101411 -0.761658 7.083074 -0.401089 
0.858437 0.343065 2.165747 -0.498354 0.859895 0.259912 -0.794529 -0.118369 -0.401089 2.418580 

1.000000 1.420000 2.016400 2.863288 4.065869 5.773534 8.198418 11.641754 16.531290 23.474432 
