1.801647 -0.204744 0.327593 -0.304988 -0.384007 -0.054253 -0.656117 0.018345 -0.213969 0.095712 
-0.204744 2.608575 0.548286 -0.319135 0.389265 0.165458 -0.104607 0.071502 0.296871 -0.853477 
0.327593 0.548286 2.637406 -0.142798 0.010407 -0.595676 0.339165 0.064580 -0.064367 -0.065971 
-0.304988 -0.319135 -0.142798 2.462529 0.215216 0.213575 -0.463738 0.196571 0.171947 0.174334 
-0.384007 0.389265 0.010407 0.215216 2.224290 0.096722 -0.159704 0.099865 0.088314 0.293771 
-0.054253 0.165458 -0.595676 0.213575 0.096722 1.796817 -0.132978 0.157975 0.242880 0.022647 
-0.656117 -0.104607 0.339165 -0.463738 -0.159704 -0.132978 3.905337 -0.597175 -0.052797 0.070887 
0.018345 0.071502 0.064580 0.196571 0.099865 0.157975 -0.597175 1.954353 0.384263 -0.022267 
-0.213969 0.296871 -0.064367 0.171947 0.088314 0.242880 -0.052797 0.384263 1.868069 -0.461427 
0.095712 -0.853477 -0.065971 0.174334 0.293771 0.022647 0.070887 -0.022267 -0.461427 2.262285 

1.000000 1.180000 1.392400 1.643032 1.938778 2.287758 2.699554 3.185474 3.758859 4.435454 
