18.241263 2.825961 -7.731758 10.907634 -7.658949 -8.621356 -11.826218 -0.856331 0.671050 -3.361569 
2.825961 35.880045 -11.182263 5.115646 -14.792620 1.457406 -11.695545 -18.839761 -5.484171 -7.428282 
-7.731758 -11.182263 12.429317 -8.711920 13.725119 4.753209 10.605973 12.025875 -5.088790 -0.437236 
10.907634 5.115646 -8.711920 18.073888 -12.540979 -7.023448 -6.388882 -2.787517 11.299741 0.040786 
-7.658949 -14.792620 13.725119 -12.540979 32.954124 2.272470 7.181217 9.757923 -15.510365 -4.717717 
-8.621356 1.457406 4.753209 -7.023448 2.272470 10.303302 4.841094 -1.075337 -7.670450 1.817887 
-11.826218 -11.695545 10.605973 -6.388882 7.181217 4.841094 20.183953 11.254376 4.277564 3.194569 
-0.856331 -18.839761 12.025875 -2.787517 9.757923 -1.075337 11.254376 28.594322 4.192428 -3.882293 
0.671050 -5.484171 -5.088790 11.299741 -15.510365 -7.670450 4.277564 4.192428 29.532559 5.404070 
-3.361569 -7.428282 -0.437236 0.040786 -4.717717 1.817887 3.194569 -3.882293 5.404070 12.161577 

1.000000 1.640000 2.689600 4.410944 7.233948 11.863675 19.456427 31.908540 52.330006 85.821210 
