6.415231 0.062124 -2.587336 -2.686750 1.148824 -1.209876 4.966199 -1.363705 -1.306343 -2.194569 
0.062124 6.746302 -3.754293 0.702974 1.153690 1.130596 -1.571938 -1.321120 -4.022534 0.552992 
-2.587336 -3.754293 9.931617 -2.879339 -2.421878 1.151905 -1.285813 2.513492 2.514163 -2.038794 
-2.686750 0.702974 -2.879339 10.232191 1.092140 -0.608886 -3.121596 -3.132897 -0.963615 8.850368 
1.148824 1.153690 -2.421878 1.092140 5.666708 0.733439 0.174652 -0.252612 0.418761 -1.840363 
-1.209876 1.130596 1.151905 -0.608886 0.733439 7.632324 -2.176626 4.510553 -0.166931 -0.694481 
4.966199 -1.571938 -1.285813 -3.121596 0.174652 -2.176626 8.378343 -1.707642 1.164929 -4.247443 
-1.363705 -1.321120 2.513492 -3.132897 -0.252612 4.510553 -1.707642 7.476826 2.588757 -3.089728 
-1.306343 -4.022534 2.514163 -0.963615 0.418761 -0.166931 1.164929 2.588757 8.675237 -2.996226 
-2.194569 0.552992 -2.038794 8.850368 -1.840363 -0.694481 -4.247443 -3.089728 -2.996226 13.703403 

1.000000 1.440000 2.073600 2.985984 4.299817 6.191736 8.916100 12.839185 18.488426 26.623333 
