1.992956 0.192056 -0.052082 0.182941 0.210065 0.238419 0.063082 -0.263299 0.092590 0.043119 
0.192056 1.631801 -0.184446 0.068897 -0.228603 0.014888 -0.168740 0.025173 -0.085818 -0.103929 
-0.052082 -0.184446 1.748872 -0.054746 -0.394754 0.216510 0.174260 0.155918 -0.280841 -0.095830 
0.182941 0.068897 -0.054746 1.512674 0.185043 -0.132984 0.051983 -0.038672 -0.034171 -0.067917 
0.210065 -0.228603 -0.394754 0.185043 2.110081 -0.266173 -0.170625 -0.119667 -0.210895 0.384725 
0.238419 0.014888 0.216510 -0.132984 -0.266173 2.079873 0.050494 -0.006033 0.225988 0.083762 
0.063082 -0.168740 0.174260 0.051983 -0.170625 0.050494 1.604863 -0.045000 -0.110251 0.201840 
-0.263299 0.025173 0.155918 -0.038672 -0.119667 -0.006033 -0.045000 1.414069 -0.255510 0.101471 
0.092590 -0.085818 -0.280841 -0.034171 -0.210895 0.225988 -0.110251 -0.255510 1.873221 -0.135241 
0.043119 -0.103929 -0.095830 -0.067917 0.384725 0.083762 0.201840 0.101471 -0.135241 1.580324 

1.000000 1.120000 1.254400 1.404928 1.573519 1.762342 1.973823 2.210681 2.475963 2.773079 
