0.223417 -0.034957 0.043116 0.018496 -0.098763 -0.054684 0.023042 0.119764 -0.077314 -0.008700 
-0.034957 0.205754 -0.009698 -0.007267 0.094848 -0.019495 -0.037785 -0.084208 -0.002279 -0.000151 
0.043116 -0.009698 0.150659 -0.065445 -0.160966 0.132352 0.001241 -0.040997 0.047023 -0.087275 
0.018496 -0.007267 -0.065445 0.203237 0.021390 -0.121964 0.102008 0.117780 0.007729 -0.003033 
-0.098763 0.094848 -0.160966 0.021390 0.429980 -0.188735 -0.043313 -0.092841 -0.110132 0.257231 
-0.054684 -0.019495 0.132352 -0.121964 -0.188735 0.290471 0.028464 -0.097566 0.195164 -0.151695 
0.023042 -0.037785 0.001241 0.102008 -0.043313 0.028464 0.387900 0.129742 0.059156 0.019412 
0.119764 -0.084208 -0.040997 0.117780 -0.092841 -0.097566 0.129742 0.286453 -0.096237 0.000491 
-0.077314 -0.002279 0.047023 0.007729 -0.110132 0.195164 0.059156 -0.096237 0.381038 -0.218443 
-0.008700 -0.000151 -0.087275 -0.003033 0.257231 -0.151695 0.019412 0.000491 -0.218443 0.336140 

1.000000 0.660000 0.435600 0.287496 0.189747 0.125233 0.082654 0.054552 0.036004 0.023763 
