5.678634 -0.863320 -1.021123 1.078641 -1.028112 -1.531159 -1.277630 1.481436 -1.527119 0.095027 
-0.863320 5.687866 -0.384603 0.336387 -2.297554 0.961536 -0.079540 1.477092 -1.012706 2.688418 
-1.021123 -0.384603 2.720237 -1.683373 1.826093 0.278449 -0.191274 0.551958 1.266351 -0.428789 
1.078641 0.336387 -1.683373 6.388967 -1.918049 -1.641388 -0.101616 -2.301190 -1.183163 -0.942384 
-1.028112 -2.297554 1.826093 -1.918049 8.437437 3.261700 -3.127178 1.401528 2.436204 -0.714792 
-1.531159 0.961536 0.278449 -1.641388 3.261700 5.566275 -1.447168 1.962407 0.209671 2.789915 
-1.277630 -0.079540 -0.191274 -0.101616 -3.127178 -1.447168 6.232180 -1.621271 -1.171675 -0.095759 
1.481436 1.477092 0.551958 -2.301190 1.401528 1.962407 -1.621271 5.808589 -0.251283 1.849424 
-1.527119 -1.012706 1.266351 -1.183163 2.436204 0.209671 -1.171675 -0.251283 5.292592 -0.423390 
0.095027 2.688418 -0.428789 -0.942384 -0.714792 2.789915 -0.095759 1.849424 -0.423390 5.538806 

1.000000 1.360000 1.849600 2.515456 3.421020 4.652587 6.327519 8.605426 11.703379 15.916595 
