0.124560 0.142514 -0.024889 0.018721 0.030495 -0.092183 0.056521 -0.041976 0.007470 0.136535 
0.142514 0.318943 -0.088742 -0.013293 0.013130 -0.130810 0.212119 -0.134489 0.132546 0.165818 
-0.024889 -0.088742 0.061417 -0.028573 -0.009117 0.014210 -0.101620 0.021463 0.000017 -0.022288 
0.018721 -0.013293 -0.028573 0.081449 0.061919 0.024245 0.018505 0.065333 -0.121140 0.003980 
0.030495 0.013130 -0.009117 0.061919 0.201463 0.058220 -0.022140 0.126926 -0.172082 -0.018818 
-0.092183 -0.130810 0.014210 0.024245 0.058220 0.164122 -0.088656 0.144112 -0.116455 -0.139004 
0.056521 0.212119 -0.101620 0.018505 -0.022140 -0.088656 0.259109 -0.113560 0.119684 0.068539 
-0.041976 -0.134489 0.021463 0.065333 0.126926 0.144112 -0.113560 0.197326 -0.217564 -0.095538 
0.007470 0.132546 0.000017 -0.121140 -0.172082 -0.116455 0.119684 -0.217564 0.334462 0.057595 
0.136535 0.165818 -0.022288 0.003980 -0.018818 -0.139004 0.068539 -0.095538 0.057595 0.178976 

1.000000 0.480000 0.230400 0.110592 0.053084 0.025480 0.012231 0.005871 0.002818 0.001353 
