74.703601 8.727712 -22.269951 -7.171885 -25.017849 12.429166 -31.110856 46.869741 60.535114 -28.615827 
8.727712 104.805648 -9.321767 27.939100 -14.131707 50.515568 -35.470183 54.976197 -4.392267 -59.197902 
-22.269951 -9.321767 11.961193 -6.972125 8.541139 -6.791772 8.044903 -23.181451 -20.345966 20.843984 
-7.171885 27.939100 -6.972125 74.457266 8.356307 5.372005 11.258157 6.772486 -25.514187 -41.941907 
-25.017849 -14.131707 8.541139 8.356307 32.566730 -27.959819 16.114954 -10.206538 -22.358693 11.536497 
12.429166 50.515568 -6.791772 5.372005 -27.959819 52.921986 -27.677991 24.728720 1.677212 -29.349927 
-31.110856 -35.470183 8.044903 11.258157 16.114954 -27.677991 37.960323 -37.084175 -21.476560 16.037307 
46.869741 54.976197 -23.181451 6.772486 -10.206538 24.728720 -37.084175 83.083343 42.575219 -60.322084 
60.535114 -4.392267 -20.345966 -25.514187 -22.358693 1.677212 -21.476560 42.575219 67.613494 -22.369477 
-28.615827 -59.197902 20.843984 -41.941907 11.536497 -29.349927 16.037307 -60.322084 -22.369477 85.542185 

1.000000 1.880000 3.534400 6.644672 12.491983 23.484929 44.151666 83.005132 156.049648 293.373339 
