0.024181 -0.001807 0.073031 0.030392 0.025335 -0.017696 -0.042103 0.020554 0.099847 0.064933 
-0.001807 0.000135 -0.005457 -0.002271 -0.001893 0.001322 0.003146 -0.001536 -0.007461 -0.004852 
0.073031 -0.005457 0.220566 0.091788 0.076517 -0.053445 -0.127159 0.062077 0.301554 0.196111 
0.030392 -0.002271 0.091788 0.038197 0.031842 -0.022241 -0.052917 0.025833 0.125491 0.081611 
0.025335 -0.001893 0.076517 0.031842 0.026545 -0.018541 -0.044113 0.021535 0.104612 0.068033 
-0.017696 0.001322 -0.053445 -0.022241 -0.018541 0.012950 0.030812 -0.015042 -0.073069 -0.047519 
-0.042103 0.003146 -0.127159 -0.052917 -0.044113 0.030812 0.073309 -0.035788 -0.173850 -0.113060 
0.020554 -0.001536 0.062077 0.025833 0.021535 -0.015042 -0.035788 0.017471 0.084871 0.055194 
0.099847 -0.007461 0.301554 0.125491 0.104612 -0.073069 -0.173850 0.084871 0.412279 0.268119 
0.064933 -0.004852 0.196111 0.081611 0.068033 -0.047519 -0.113060 0.055194 0.268119 0.174366 
