0.539744 -0.168252 -0.010586 -0.134379 -0.030278 0.056621 0.201242 0.087941 0.094154 0.077776 
-0.168252 0.368567 -0.029611 0.201527 0.054311 -0.121275 -0.124837 0.012710 -0.026593 0.106717 
-0.010586 -0.029611 0.198043 -0.076407 0.065070 0.044180 0.002214 -0.018925 0.003439 0.106304 
-0.134379 0.201527 -0.076407 0.543923 0.050174 -0.056633 -0.120959 0.035079 -0.063074 0.024246 
-0.030278 0.054311 0.065070 0.050174 0.404543 0.160606 -0.024143 -0.095269 0.169961 0.149495 
0.056621 -0.121275 0.044180 -0.056633 0.160606 0.358665 0.005961 -0.061746 0.089692 0.016322 
0.201242 -0.124837 0.002214 -0.120959 -0.024143 0.005961 0.331714 0.060467 0.100149 -0.005555 
0.087941 0.012710 -0.018925 0.035079 -0.095269 -0.061746 0.060467 0.140134 -0.003561 0.027035 
0.094154 -0.026593 0.003439 -0.063074 0.169961 0.089692 0.100149 -0.003561 0.245429 0.059353 
0.077776 0.106717 0.106304 0.024246 0.149495 0.016322 -0.005555 0.027035 0.059353 0.306956 

1.000000 0.720000 0.518400 0.373248 0.268739 0.193492 0.139314 0.100306 0.072220 0.051999 
