0.015007 0.015213 -0.012480 -0.022679 -0.021545 0.007317 0.006353 0.050137 0.019578 -0.031579 
0.015213 0.097413 0.029184 -0.045900 0.022225 0.000136 -0.034666 0.057327 0.121775 -0.044297 
-0.012480 0.029184 0.059146 0.063130 0.079048 -0.002006 -0.052546 -0.110669 0.011163 0.078182 
-0.022679 -0.045900 0.063130 0.180350 0.096745 -0.008758 -0.028526 -0.258411 -0.120651 0.188740 
-0.021545 0.022225 0.079048 0.096745 0.131303 0.017345 -0.091107 -0.177435 -0.018151 0.134778 
0.007317 0.000136 -0.002006 -0.008758 0.017345 0.033688 -0.033494 0.015901 -0.008896 0.004388 
0.006353 -0.034666 -0.052546 -0.028526 -0.091107 -0.033494 0.089657 0.065010 -0.019842 -0.059462 
0.050137 0.057327 -0.110669 -0.258411 -0.177435 0.015901 0.065010 0.412451 0.160161 -0.296053 
0.019578 0.121775 0.011163 -0.120651 -0.018151 -0.008896 -0.019842 0.160161 0.187397 -0.125699 
-0.031579 -0.044297 0.078182 0.188740 0.134778 0.004388 -0.059462 -0.296053 -0.125699 0.222151 

1.000000 0.300000 0.090000 0.027000 0.008100 0.002430 0.000729 0.000219 0.000066 0.000020 
