0.328469 0.265501 -0.156326 -0.189587 -0.066639 0.152170 -0.051388 0.029400 -0.101364 0.213383 
0.265501 0.242836 -0.114226 -0.137280 -0.052696 0.156891 -0.058172 0.032256 -0.065912 0.174022 
-0.156326 -0.114226 0.086035 0.096398 0.031720 -0.048213 0.009416 -0.009445 0.058558 -0.098703 
-0.189587 -0.137280 0.096398 0.119658 0.039799 -0.071685 0.022193 -0.012460 0.066624 -0.122421 
-0.066639 -0.052696 0.031720 0.039799 0.014173 -0.031470 0.010942 -0.005771 0.020633 -0.043364 
0.152170 0.156891 -0.048213 -0.071685 -0.031470 0.129257 -0.057529 0.025493 -0.021563 0.103829 
-0.051388 -0.058172 0.009416 0.022193 0.010942 -0.057529 0.028618 -0.010912 0.001654 -0.036884 
0.029400 0.032256 -0.009445 -0.012460 -0.005771 0.025493 -0.010912 0.005355 -0.003678 0.019852 
-0.101364 -0.065912 0.058558 0.066624 0.020633 -0.021563 0.001654 -0.003678 0.042494 -0.063856 
0.213383 0.174022 -0.098703 -0.122421 -0.043364 0.103829 -0.036884 0.019852 -0.063856 0.139467 

1.000000 0.120000 0.014400 0.001728 0.000207 0.000025 0.000003 0.000000 0.000000 0.000000 
