0.187413 0.083432 0.056175 0.024857 0.023106 0.016609 0.101175 -0.049189 -0.063502 -0.106122 
0.083432 0.450734 -0.004336 0.031367 0.062808 -0.016371 0.008136 -0.048046 0.008649 -0.228655 
0.056175 -0.004336 0.369664 -0.008917 0.029658 -0.012377 0.136933 -0.108472 -0.068830 -0.083909 
0.024857 0.031367 -0.008917 0.120455 0.051353 -0.005757 -0.039901 0.029243 -0.000763 -0.053863 
0.023106 0.062808 0.029658 0.051353 0.375364 -0.074968 -0.110595 -0.080282 -0.024913 -0.084822 
0.016609 -0.016371 -0.012377 -0.005757 -0.074968 0.520625 0.237260 0.056841 -0.190314 -0.054638 
0.101175 0.008136 0.136933 -0.039901 -0.110595 0.237260 0.643692 -0.076596 -0.067194 -0.127658 
-0.049189 -0.048046 -0.108472 0.029243 -0.080282 0.056841 -0.076596 0.471315 -0.064856 0.021686 
-0.063502 0.008649 -0.068830 -0.000763 -0.024913 -0.190314 -0.067194 -0.064856 0.392339 0.049382 
-0.106122 -0.228655 -0.083909 -0.053863 -0.084822 -0.054638 -0.127658 0.021686 0.049382 0.367194 

1.000000 0.760000 0.577600 0.438976 0.333622 0.253553 0.192700 0.146452 0.111303 0.084591 
