2.997583 -0.596443 -0.900807 0.429577 0.877851 -0.231509 0.031033 -0.833169 0.378438 -0.534315 
-0.596443 3.589625 -0.444064 -0.596625 -0.249802 0.654715 0.491564 0.457788 -1.686075 -0.613228 
-0.900807 -0.444064 4.040600 -0.913461 0.154480 -0.772193 1.478687 0.976404 0.030894 0.799740 
0.429577 -0.596625 -0.913461 3.148634 0.125461 0.794768 -0.188489 -1.367506 -0.183956 -0.519850 
0.877851 -0.249802 0.154480 0.125461 3.669293 -0.735560 0.214968 -0.466912 0.297218 -0.855196 
-0.231509 0.654715 -0.772193 0.794768 -0.735560 2.590843 0.347408 0.535334 -1.440136 0.539187 
0.031033 0.491564 1.478687 -0.188489 0.214968 0.347408 3.941974 0.404145 -0.858467 0.179426 
-0.833169 0.457788 0.976404 -1.367506 -0.466912 0.535334 0.404145 3.615735 -0.507147 1.366795 
0.378438 -1.686075 0.030894 -0.183956 0.297218 -1.440136 -0.858467 -0.507147 3.845283 -0.396906 
-0.534315 -0.613228 0.799740 -0.519850 -0.855196 0.539187 0.179426 1.366795 -0.396906 3.505377 

1.000000 1.260000 1.587600 2.000376 2.520474 3.175797 4.001504 5.041895 6.352788 8.004513 
