0.548245 0.046238 -0.030759 -0.160780 0.033694 0.162193 0.118543 0.041601 -0.065166 -0.051268 
0.046238 0.333989 -0.039735 0.044011 -0.083190 -0.141320 0.001855 -0.002617 -0.119862 0.122412 
-0.030759 -0.039735 0.446435 -0.142900 0.099887 0.161944 -0.126119 -0.023292 0.142928 0.022179 
-0.160780 0.044011 -0.142900 0.283292 -0.143399 -0.090952 0.047204 0.070766 -0.064295 -0.013929 
0.033694 -0.083190 0.099887 -0.143399 0.426419 0.168700 0.046154 -0.089376 0.126291 -0.077811 
0.162193 -0.141320 0.161944 -0.090952 0.168700 0.433853 0.070805 -0.021018 0.108682 -0.081844 
0.118543 0.001855 -0.126119 0.047204 0.046154 0.070805 0.201086 0.021157 -0.052709 -0.107420 
0.041601 -0.002617 -0.023292 0.070766 -0.089376 -0.021018 0.021157 0.158771 -0.030504 -0.027807 
-0.065166 -0.119862 0.142928 -0.064295 0.126291 0.108682 -0.052709 -0.030504 0.211661 -0.014494 
-0.051268 0.122412 0.022179 -0.013929 -0.077811 -0.081844 -0.107420 -0.027807 -0.014494 0.195423 

1.000000 0.700000 0.490000 0.343000 0.240100 0.168070 0.117649 0.082354 0.057648 0.040354 
