0.552439 0.268885 0.204611 -0.034373 0.144836 -0.287311 -0.012773 -0.009833 -0.008137 -0.101385 
0.268885 0.197521 0.150124 -0.000904 0.093741 -0.127386 -0.032145 -0.060426 -0.099041 0.013250 
0.204611 0.150124 0.131932 -0.013877 0.078875 -0.100194 -0.006231 -0.071779 -0.070546 -0.002617 
-0.034373 -0.000904 -0.013877 0.054058 -0.028930 0.028261 -0.020441 0.021674 -0.041710 0.022719 
0.144836 0.093741 0.078875 -0.028930 0.098714 -0.052152 -0.015356 -0.080447 -0.026842 0.032021 
-0.287311 -0.127386 -0.100194 0.028261 -0.052152 0.172437 -0.010171 -0.011993 -0.020059 0.090128 
-0.012773 -0.032145 -0.006231 -0.020441 -0.015356 -0.010171 0.039423 -0.008263 0.047250 -0.049272 
-0.009833 -0.060426 -0.071779 0.021674 -0.080447 -0.011993 -0.008263 0.184520 0.058880 -0.070732 
-0.008137 -0.099041 -0.070546 -0.041710 -0.026842 -0.020059 0.047250 0.058880 0.161174 -0.096870 
-0.101385 0.013250 -0.002617 0.022719 0.032021 0.090128 -0.049272 -0.070732 -0.096870 0.131625 

1.000000 0.420000 0.176400 0.074088 0.031117 0.013069 0.005489 0.002305 0.000968 0.000407 
