13.732137 3.331718 2.174665 -0.591305 5.871302 -5.574137 9.532828 -1.487600 -5.722616 11.790182 
3.331718 17.614228 2.924965 -4.914500 -0.052257 -2.242946 2.431496 -0.002336 9.639520 -0.823912 
2.174665 2.924965 38.050703 9.264289 -7.213601 4.053991 -2.129236 1.978967 22.141581 -2.147822 
-0.591305 -4.914500 9.264289 14.884576 -1.795967 0.870041 -3.998273 0.852447 -1.339724 -0.117789 
5.871302 -0.052257 -7.213601 -1.795967 12.169053 -1.376813 7.286190 -7.023304 -14.462022 10.228482 
-5.574137 -2.242946 4.053991 0.870041 -1.376813 10.519302 -8.989497 -4.699095 2.465273 -9.504308 
9.532828 2.431496 -2.129236 -3.998273 7.286190 -8.989497 18.700935 -1.516519 -4.861575 17.685179 
-1.487600 -0.002336 1.978967 0.852447 -7.023304 -4.699095 -1.516519 9.983322 7.940647 -2.761257 
-5.722616 9.639520 22.141581 -1.339724 -14.462022 2.465273 -4.861575 7.940647 39.073666 -8.888963 
11.790182 -0.823912 -2.147822 -0.117789 10.228482 -9.504308 17.685179 -2.761257 -8.888963 24.456746 

1.000000 1.620000 2.624400 4.251528 6.887475 11.157710 18.075490 29.282294 47.437317 76.848453 
