0.545154 -0.005329 0.091853 -0.029634 -0.073089 0.069680 -0.031858 -0.126394 0.054458 -0.075356 
-0.005329 0.478981 -0.060518 -0.071752 -0.040657 0.056367 -0.078245 -0.090850 0.099524 -0.045017 
0.091853 -0.060518 0.398255 -0.020123 -0.063997 -0.029970 0.009420 0.055276 -0.000029 0.025744 
-0.029634 -0.071752 -0.020123 0.449941 0.159952 0.016151 0.006872 0.037887 0.138955 0.116488 
-0.073089 -0.040657 -0.063997 0.159952 0.574548 0.143179 0.056802 0.070594 -0.060359 0.166776 
0.069680 0.056367 -0.029970 0.016151 0.143179 0.706729 0.014101 0.059369 0.001426 0.089318 
-0.031858 -0.078245 0.009420 0.006872 0.056802 0.014101 0.378988 -0.003699 -0.003414 0.072595 
-0.126394 -0.090850 0.055276 0.037887 0.070594 0.059369 -0.003699 0.631865 -0.162010 0.034266 
0.054458 0.099524 -0.000029 0.138955 -0.060359 0.001426 -0.003414 -0.162010 0.553685 0.087792 
-0.075356 -0.045017 0.025744 0.116488 0.166776 0.089318 0.072595 0.034266 0.087792 0.438722 

1.000000 0.840000 0.705600 0.592704 0.497871 0.418212 0.351298 0.295090 0.247876 0.208216 
