0.153573 -0.118616 0.133715 -0.073984 -0.088463 -0.085790 -0.069450 -0.108468 0.124519 0.096833 
-0.118616 0.161022 -0.128229 0.124189 0.087076 0.062787 0.040083 0.107245 -0.218480 -0.076859 
0.133715 -0.128229 0.135247 -0.089132 -0.084489 -0.070616 -0.052791 -0.108421 0.164760 0.086191 
-0.073984 0.124189 -0.089132 0.106692 0.066229 0.036118 0.007200 0.071402 -0.196798 -0.049718 
-0.088463 0.087076 -0.084489 0.066229 0.085592 0.054152 0.003979 0.048649 -0.143193 -0.061340 
-0.085790 0.062787 -0.070616 0.036118 0.054152 0.053010 0.039234 0.052917 -0.059004 -0.053997 
-0.069450 0.040083 -0.052791 0.007200 0.003979 0.039234 0.082135 0.064600 0.030853 -0.037085 
-0.108468 0.107245 -0.108421 0.071402 0.048649 0.052917 0.064600 0.102719 -0.111350 -0.066745 
0.124519 -0.218480 0.164760 -0.196798 -0.143193 -0.059004 0.030853 -0.111350 0.408951 0.090849 
0.096833 -0.076859 0.086191 -0.049718 -0.061340 -0.053997 -0.037085 -0.066745 0.090849 0.062409 

1.000000 0.260000 0.067600 0.017576 0.004570 0.001188 0.000309 0.000080 0.000021 0.000005 
