0.701400 0.120748 -0.064532 0.033881 0.069880 0.011725 0.024626 0.005213 0.047211 0.082717 
0.120748 0.642601 -0.034891 -0.065070 -0.028749 -0.055744 0.079941 -0.031147 0.009743 -0.018134 
-0.064532 -0.034891 0.481259 0.023379 -0.038875 0.041593 -0.009341 -0.001544 -0.020407 -0.041596 
0.033881 -0.065070 0.023379 0.476190 0.023290 -0.036904 0.018857 0.031103 0.016611 0.068344 
0.069880 -0.028749 -0.038875 0.023290 0.805712 -0.067522 -0.013505 -0.090717 0.031107 -0.006524 
0.011725 -0.055744 0.041593 -0.036904 -0.067522 0.666078 -0.075156 0.096732 -0.036596 -0.021994 
0.024626 0.079941 -0.009341 0.018857 -0.013505 -0.075156 0.748298 -0.055053 -0.113299 0.115082 
0.005213 -0.031147 -0.001544 0.031103 -0.090717 0.096732 -0.055053 0.719903 0.051784 -0.019116 
0.047211 0.009743 -0.020407 0.016611 0.031107 -0.036596 -0.113299 0.051784 0.683663 -0.094327 
0.082717 -0.018134 -0.041596 0.068344 -0.006524 -0.021994 0.115082 -0.019116 -0.094327 0.588112 

1.000000 0.900000 0.810000 0.729000 0.656100 0.590490 0.531441 0.478297 0.430467 0.387420 
