35.422690 3.399220 44.605121 10.608321 15.716932 -11.532173 -0.976630 9.270925 -44.942378 12.819872 
3.399220 7.111711 8.191206 -13.356521 -1.011692 -5.588785 -0.773376 6.192767 -1.450608 5.395071 
44.605121 8.191206 81.214509 -5.413584 -2.673487 0.128071 -38.017903 6.326974 -51.407083 33.893972 
10.608321 -13.356521 -5.413584 68.775250 29.603279 -2.819480 18.307535 -11.954238 -39.704233 -4.954061 
15.716932 -1.011692 -2.673487 29.603279 89.286393 -64.330502 34.695328 53.036892 -85.969520 -20.538356 
-11.532173 -5.588785 0.128071 -2.819480 -64.330502 79.417077 -36.076515 -49.949086 71.013476 8.920986 
-0.976630 -0.773376 -38.017903 18.307535 34.695328 -36.076515 78.360125 16.768745 -6.592473 -22.349875 
9.270925 6.192767 6.326974 -11.954238 53.036892 -49.949086 16.768745 58.977872 -57.297899 -15.827255 
-44.942378 -1.450608 -51.407083 -39.704233 -85.969520 71.013476 -6.592473 -57.297899 144.261042 3.474621 
12.819872 5.395071 33.893972 -4.954061 -20.538356 8.920986 -22.349875 -15.827255 3.474621 37.291803 

1.000000 1.900000 3.610000 6.859000 13.032100 24.760990 47.045881 89.387174 169.835630 322.687698 
