0.360365 0.224000 -0.071759 -0.218416 -0.186315 -0.070983 0.049188 0.126262 0.099395 -0.229122 
0.224000 0.232144 -0.056751 -0.104915 -0.039640 -0.042390 0.037951 0.011479 0.088815 -0.155092 
-0.071759 -0.056751 0.085326 0.033779 0.100874 0.060795 0.036442 -0.067276 -0.024356 -0.003350 
-0.218416 -0.104915 0.033779 0.149594 0.125385 0.038953 -0.042191 -0.096452 -0.048166 0.137954 
-0.186315 -0.039640 0.100874 0.125385 0.254476 0.089940 0.044932 -0.172350 -0.033631 0.056993 
-0.070983 -0.042390 0.060795 0.038953 0.089940 0.057766 0.026405 -0.061844 -0.030941 0.023553 
0.049188 0.037951 0.036442 -0.042191 0.044932 0.026405 0.062343 -0.014874 0.003054 -0.058880 
0.126262 0.011479 -0.067276 -0.096452 -0.172350 -0.061844 -0.014874 0.148051 0.005450 -0.026929 
0.099395 0.088815 -0.024356 -0.048166 -0.033631 -0.030941 0.003054 0.005450 0.055546 -0.085259 
-0.229122 -0.155092 -0.003350 0.137954 0.056993 0.023553 -0.058880 -0.026929 -0.085259 0.207192 

1.000000 0.380000 0.144400 0.054872 0.020851 0.007924 0.003011 0.001144 0.000435 0.000165 
