10.143237 1.128164 -2.024184 4.370859 -0.622544 2.128828 -0.589387 -3.137083 1.777293 1.437440 
1.128164 6.042191 -0.323953 2.174843 0.460927 0.074805 0.978808 -4.388816 -2.485243 0.305251 
-2.024184 -0.323953 4.568993 1.847580 -2.261712 -0.623646 -1.839351 0.594145 -0.471306 1.093182 
4.370859 2.174843 1.847580 7.974316 -1.483595 1.038080 -2.222947 -4.279005 -0.787898 2.003851 
-0.622544 0.460927 -2.261712 -1.483595 8.132034 2.575055 3.566032 1.688485 -0.707355 -2.039928 
2.128828 0.074805 -0.623646 1.038080 2.575055 4.675052 2.532113 0.829443 0.116518 1.115302 
-0.589387 0.978808 -1.839351 -2.222947 3.566032 2.532113 9.169104 2.387976 -2.340301 -1.021869 
-3.137083 -4.388816 0.594145 -4.279005 1.688485 0.829443 2.387976 9.147465 -0.059577 -0.995475 
1.777293 -2.485243 -0.471306 -0.787898 -0.707355 0.116518 -2.340301 -0.059577 5.719095 0.282499 
1.437440 0.305251 1.093182 2.003851 -2.039928 1.115302 -1.021869 -0.995475 0.282499 4.242177 

1.000000 1.400000 1.960000 2.744000 3.841600 5.378240 7.529536 10.541350 14.757891 20.661047 
