0.027576 0.016031 -0.048381 -0.057742 -0.031921 -0.023912 0.009228 0.075171 -0.103591 0.049010 
0.016031 0.010330 -0.025697 -0.033300 -0.018206 -0.016381 0.000105 0.044312 -0.063958 0.026448 
-0.048381 -0.025697 0.098513 0.103261 0.058684 0.031129 -0.038119 -0.131807 0.178564 -0.099808 
-0.057742 -0.033300 0.103261 0.121867 0.067493 0.049470 -0.021275 -0.157893 0.217169 -0.103934 
-0.031921 -0.018206 0.058684 0.067493 0.037606 0.026020 -0.014280 -0.087309 0.120177 -0.059278 
-0.023912 -0.016381 0.031129 0.049470 0.026020 0.031058 0.012130 -0.066422 0.095989 -0.030990 
0.009228 0.000105 -0.038119 -0.021275 -0.014280 0.012130 0.043275 0.022876 -0.021183 0.038696 
0.075171 0.044312 -0.131807 -0.157893 -0.087309 -0.066422 0.022876 0.205863 -0.286140 0.133531 
-0.103591 -0.063958 0.178564 0.217169 0.120177 0.095989 -0.021183 -0.286140 0.408625 -0.183022 
0.049010 0.026448 -0.099808 -0.103934 -0.059278 -0.030990 0.038696 0.133531 -0.183022 0.102243 

1.000000 0.080000 0.006400 0.000512 0.000041 0.000003 0.000000 0.000000 0.000000 0.000000 
