8.194222 4.740496 3.526812 -1.401489 1.733922 -5.582832 0.916423 -6.378788 0.548805 -0.047133 
4.740496 8.388790 -0.967082 -2.034360 0.453035 -6.158219 1.355127 3.684922 -1.394883 -0.271814 
3.526812 -0.967082 18.177077 0.202150 3.860570 2.855574 -2.458771 -15.850218 5.001942 4.818883 
-1.401489 -2.034360 0.202150 6.448717 -4.532766 0.320491 -2.587376 -1.558393 1.861323 -3.494771 
1.733922 0.453035 3.860570 -4.532766 12.956296 -0.592349 9.615669 -1.558640 -3.223241 2.632444 
-5.582832 -6.158219 2.855574 0.320491 -0.592349 10.741316 -0.120417 -0.253403 1.197550 2.952533 
0.916423 1.355127 -2.458771 -2.587376 9.615669 -0.120417 24.625022 5.134921 -3.874669 -2.238930 
-6.378788 3.684922 -15.850218 -1.558393 -1.558640 -0.253403 5.134921 32.634458 -5.070787 -4.416408 
0.548805 -1.394883 5.001942 1.861323 -3.223241 1.197550 -3.874669 -5.070787 7.141181 1.319964 
-0.047133 -0.271814 4.818883 -3.494771 2.632444 2.952533 -2.238930 -4.416408 1.319964 7.776640 

1.000000 1.540000 2.371600 3.652264 5.624487 8.661709 13.339032 20.542110 31.634849 48.717668 
