5.984870 1.166007 -0.974304 0.669865 -0.876797 1.015167 1.114413 4.746979 -5.981604 -3.096189 
1.166007 7.174785 -1.689887 -2.662055 4.152953 1.775850 -2.078099 -0.723932 0.079483 1.558516 
-0.974304 -1.689887 12.406084 0.603577 -4.955175 0.062938 1.575029 -1.522918 7.118215 -2.193349 
0.669865 -2.662055 0.603577 13.137715 -0.231033 2.214416 -0.165425 0.924578 4.035035 -4.085271 
-0.876797 4.152953 -4.955175 -0.231033 12.794759 1.454692 -3.192259 -1.985398 2.254385 4.946680 
1.015167 1.775850 0.062938 2.214416 1.454692 7.242017 -0.240253 -0.014321 0.292516 -5.405323 
1.114413 -2.078099 1.575029 -0.165425 -3.192259 -0.240253 5.052736 4.493657 -6.807255 -1.918954 
4.746979 -0.723932 -1.522918 0.924578 -1.985398 -0.014321 4.493657 9.940551 -12.073983 -2.565673 
-5.981604 0.079483 7.118215 4.035035 2.254385 0.292516 -6.807255 -12.073983 24.401181 2.514272 
-3.096189 1.558516 -2.193349 -4.085271 4.946680 -5.405323 -1.918954 -2.565673 2.514272 15.195380 

1.000000 1.500000 2.250000 3.375000 5.062500 7.593750 11.390625 17.085938 25.628906 38.443359 
