0.533274 0.212394 0.074990 -0.146088 0.276119 -0.055923 0.045652 0.096701 -0.194422 0.024008 
0.212394 0.240095 0.127591 0.006843 0.058837 0.091782 0.039795 0.089752 -0.097007 0.077282 
0.074990 0.127591 0.318244 0.103038 -0.050330 0.080224 0.053217 -0.003022 -0.011196 0.044648 
-0.146088 0.006843 0.103038 0.189956 -0.141928 0.062136 -0.020643 -0.106922 0.054353 0.013111 
0.276119 0.058837 -0.050330 -0.141928 0.439013 -0.097127 -0.008400 0.071122 -0.062600 -0.034972 
-0.055923 0.091782 0.080224 0.062136 -0.097127 0.222496 -0.021327 0.111109 0.048220 0.099619 
0.045652 0.039795 0.053217 -0.020643 -0.008400 -0.021327 0.057472 0.005888 -0.044642 0.002152 
0.096701 0.089752 -0.003022 -0.106922 0.071122 0.111109 0.005888 0.260569 -0.044548 0.065144 
-0.194422 -0.097007 -0.011196 0.054353 -0.062600 0.048220 -0.044642 -0.044548 0.145557 -0.010855 
0.024008 0.077282 0.044648 0.013111 -0.034972 0.099619 0.002152 0.065144 -0.010855 0.078208 

1.000000 0.600000 0.360000 0.216000 0.129600 0.077760 0.046656 0.027994 0.016796 0.010078 
