66.680763 -10.399450 1.751952 -19.495360 0.789373 45.619033 32.816670 -87.340873 50.662635 -27.727411 
-10.399450 48.391737 -15.704642 -3.899877 14.773884 -23.084676 -15.703314 -26.082314 20.344448 -33.873520 
1.751952 -15.704642 62.774012 4.615985 23.486678 16.683176 42.204416 -9.749815 -44.964824 -39.298428 
-19.495360 -3.899877 4.615985 38.541820 15.463895 8.584329 -12.980397 70.140591 -62.096652 3.497254 
0.789373 14.773884 23.486678 15.463895 46.382279 11.970499 17.752571 10.761643 -38.890954 -35.920040 
45.619033 -23.084676 16.683176 8.584329 11.970499 69.560601 31.728257 -32.862406 2.665986 -23.812911 
32.816670 -15.703314 42.204416 -12.980397 17.752571 31.728257 55.793232 -68.098509 0.132695 -48.128290 
-87.340873 -26.082314 -9.749815 70.140591 10.761643 -32.862406 -68.098509 258.472181 -140.712391 115.901139 
50.662635 20.344448 -44.964824 -62.096652 -38.890954 2.665986 0.132695 -140.712391 163.339153 6.956378 
-27.727411 -33.873520 -39.298428 3.497254 -35.920040 -23.812911 -48.128290 115.901139 6.956378 134.030799 

1.000000 1.980000 3.920400 7.762392 15.369536 30.431682 60.254730 119.304365 236.222642 467.720831 
