0.342910 0.029950 0.049960 0.168916 0.092207 0.266657 -0.044047 -0.087161 -0.151102 0.049960 
0.029950 0.166873 0.079148 0.003684 0.059822 0.090860 0.066651 -0.033394 -0.076977 -0.048004 
0.049960 0.079148 0.263471 0.008675 -0.160871 0.120652 0.113477 0.023903 -0.199365 0.032717 
0.168916 0.003684 0.008675 0.189449 0.088412 0.072372 -0.004888 0.015825 -0.073657 -0.023466 
0.092207 0.059822 -0.160871 0.088412 0.376319 0.105130 -0.015724 -0.082987 0.073317 -0.114228 
0.266657 0.090860 0.120652 0.072372 0.105130 0.514166 -0.013907 -0.089974 -0.238048 0.034179 
-0.044047 0.066651 0.113477 -0.004888 -0.015724 -0.013907 0.228030 0.028307 -0.049654 -0.105923 
-0.087161 -0.033394 0.023903 0.015825 -0.082987 -0.089974 0.028307 0.190756 -0.018813 -0.042623 
-0.151102 -0.076977 -0.199365 -0.073657 0.073317 -0.238048 -0.049654 -0.018813 0.316013 -0.008256 
0.049960 -0.048004 0.032717 -0.023466 -0.114228 0.034179 -0.105923 -0.042623 -0.008256 0.157764 

1.000000 0.640000 0.409600 0.262144 0.167772 0.107374 0.068719 0.043980 0.028147 0.018014 
