1.578796 -0.129401 0.007158 0.037785 -0.138175 -0.082440 0.052826 0.280386 0.045236 -0.013440 
-0.129401 1.649434 0.218486 0.178882 0.007484 0.080433 0.076789 -0.179327 -0.109444 -0.418669 
0.007158 0.218486 1.623569 0.162682 -0.008691 -0.051572 0.083862 0.018174 -0.144129 -0.118792 
0.037785 0.178882 0.162682 1.310054 0.030097 0.106814 0.089248 0.038554 0.086762 -0.109173 
-0.138175 0.007484 -0.008691 0.030097 1.735169 0.342407 0.043202 -0.022223 -0.116127 -0.011997 
-0.082440 0.080433 -0.051572 0.106814 0.342407 1.522376 -0.116032 0.002788 -0.181589 -0.036883 
0.052826 0.076789 0.083862 0.089248 0.043202 -0.116032 1.892422 -0.065979 0.172168 0.021820 
0.280386 -0.179327 0.018174 0.038554 -0.022223 0.002788 -0.065979 1.343695 0.045324 -0.150915 
0.045236 -0.109444 -0.144129 0.086762 -0.116127 -0.181589 0.172168 0.045324 1.667121 0.104075 
-0.013440 -0.418669 -0.118792 -0.109173 -0.011997 -0.036883 0.021820 -0.150915 0.104075 1.614788 

1.000000 1.100000 1.210000 1.331000 1.464100 1.610510 1.771561 1.948717 2.143589 2.357948 
