0.378111 0.153864 -0.126639 0.167165 0.078968 0.003144 -0.146062 -0.051874 0.050012 -0.020073 
0.153864 0.203376 -0.023380 0.237532 0.129834 0.068168 -0.145503 0.022687 -0.095243 -0.062705 
-0.126639 -0.023380 0.166457 -0.004093 0.017875 0.069603 -0.028090 0.073652 -0.124491 0.030311 
0.167165 0.237532 -0.004093 0.361324 0.166083 0.063401 -0.188203 0.046307 -0.204326 -0.053568 
0.078968 0.129834 0.017875 0.166083 0.144159 0.117157 -0.123897 0.062367 -0.046550 -0.043651 
0.003144 0.068168 0.069603 0.063401 0.117157 0.203984 -0.101204 0.062329 -0.018960 -0.079247 
-0.146062 -0.145503 -0.028090 -0.188203 -0.123897 -0.101204 0.190205 -0.033499 0.069944 0.011347 
-0.051874 0.022687 0.073652 0.046307 0.062367 0.062329 -0.033499 0.089919 -0.068308 0.012055 
0.050012 -0.095243 -0.124491 -0.204326 -0.046550 -0.018960 0.069944 -0.068308 0.316973 0.003533 
-0.020073 -0.062705 0.030311 -0.053568 -0.043651 -0.079247 0.011347 0.012055 0.003533 0.114821 

1.000000 0.540000 0.291600 0.157464 0.085031 0.045917 0.024795 0.013389 0.007230 0.003904 
