result_1 = containers.Map()
map = containers.Map()
map('A') = [21.515056000000001290572981815785 10.533777000000000612089934293181 14.174664999999999182023202592973 14.768053000000000096747498901095 4.754598999999999797694272274384 6.030184000000000210661710298155 6.744574000000000069121597334743 6.794361000000000316845216730144 7.586861999999999994770405464806 3.284283999999999981156406647642;10.533777000000000612089934293181 17.261694999999999566853148280643 13.522123000000000558884494239464 11.730415999999999954184204398189 5.111740000000000172519776242552 3.823796000000000194773974726559 8.269603999999999288661456375849 7.333751999999999604540334985359 10.317987000000000463728611066472 3.712345000000000005968558980385;14.174664999999999182023202592973 13.522123000000000558884494239464 15.959642000000000550130607734900 15.483715000000000117097442853265 8.177834000000000713725967216305 5.846594999999999764384028821951 4.861530000000000129034560814034 6.139739999999999753299562144093 8.224838000000000093336893769447 3.409820999999999990848209563410;14.768053000000000096747498901095 11.730415999999999954184204398189 15.483715000000000117097442853265 18.847049999999999414512785733677 4.818627000000000215607087739045 6.508680000000000021032064978499 8.155796999999999741248757345602 3.035820999999999880714085520594 6.596983999999999959129581839079 1.201394999999999990691890161543;4.754598999999999797694272274384 5.111740000000000172519776242552 8.177834000000000713725967216305 4.818627000000000215607087739045 15.077885999999999455667420988902 3.707539000000000140033762363601 -2.320965999999999862524191485136 6.068084999999999951114659779705 5.093206999999999595729605061933 3.204622000000000081598727774690;6.030184000000000210661710298155 3.823796000000000194773974726559 5.846594999999999764384028821951 6.508680000000000021032064978499 3.707539000000000140033762363601 6.034042000000000349757556250552 -0.606898999999999966270536333468 4.306695000000000383977294404758 4.725266999999999661952188034775 1.929759999999999919850779406261;6.744574000000000069121597334743 8.269603999999999288661456375849 4.861530000000000129034560814034 8.155796999999999741248757345602 -2.320965999999999862524191485136 -0.606898999999999966270536333468 18.053094000000001528860593680292 -1.017868999999999912731141193944 2.947529999999999983373299983214 -0.786667000000000005144329406903;6.794361000000000316845216730144 7.333751999999999604540334985359 6.139739999999999753299562144093 3.035820999999999880714085520594 6.068084999999999951114659779705 4.306695000000000383977294404758 -1.017868999999999912731141193944 11.759973999999999705323716625571 13.905219999999999913598003331572 4.700726999999999655699411960086;7.586861999999999994770405464806 10.317987000000000463728611066472 8.224838000000000093336893769447 6.596983999999999959129581839079 5.093206999999999595729605061933 4.725266999999999661952188034775 2.947529999999999983373299983214 13.905219999999999913598003331572 20.596720000000001249418346560560 3.652365000000000083701934272540;3.284283999999999981156406647642 3.712345000000000005968558980385 3.409820999999999990848209563410 1.201394999999999990691890161543 3.204622000000000081598727774690 1.929759999999999919850779406261 -0.786667000000000005144329406903 4.700726999999999655699411960086 3.652365000000000083701934272540 3.832605000000000039506176108262]
map('B') = [305.100928061601564422744559124112 332.599725842387499596952693536878 310.714014362095099386351648718119 278.875067317559114599134773015976 165.091404342536634430871345102787 135.278748093022812781782704405487 146.991505384528522881737444549799 257.576843350541423660615691915154 350.043070156998737729736603796482 104.880354617464334410215087700635]
map('X') = [2.508019896926367842127092444571 5.861779531399617049203243368538 2.427564281703701531966999027645 1.891373526254377157584940505330 1.397662915008917039472180476878 1.521147007365313719162713823607 2.589718157700131584419978025835 5.104990732439323330993374838727 6.534762641198357258076612197328 2.893807322668753290173526693252]
map('X_calculated') = [2.630870819149408568193848623196 5.981879332239168789442373963539 2.199825876878084951471237218357 1.874538108249968360041748383082 1.483872590077885522674705498503 1.575151706883831215222357968742 2.509264302051210648869528085925 4.605949785682038388756609492702 6.799524430475062608536518382607 3.124014361313288024035728085437]
map('eps') = 0.10000000000000000555
map('iterations_amount') = 9

result_1('0') = map
map = containers.Map()
map('A') = [21.515056000000001290572981815785 10.533777000000000612089934293181 14.174664999999999182023202592973 14.768053000000000096747498901095 4.754598999999999797694272274384 6.030184000000000210661710298155 6.744574000000000069121597334743 6.794361000000000316845216730144 7.586861999999999994770405464806 3.284283999999999981156406647642;10.533777000000000612089934293181 17.261694999999999566853148280643 13.522123000000000558884494239464 11.730415999999999954184204398189 5.111740000000000172519776242552 3.823796000000000194773974726559 8.269603999999999288661456375849 7.333751999999999604540334985359 10.317987000000000463728611066472 3.712345000000000005968558980385;14.174664999999999182023202592973 13.522123000000000558884494239464 15.959642000000000550130607734900 15.483715000000000117097442853265 8.177834000000000713725967216305 5.846594999999999764384028821951 4.861530000000000129034560814034 6.139739999999999753299562144093 8.224838000000000093336893769447 3.409820999999999990848209563410;14.768053000000000096747498901095 11.730415999999999954184204398189 15.483715000000000117097442853265 18.847049999999999414512785733677 4.818627000000000215607087739045 6.508680000000000021032064978499 8.155796999999999741248757345602 3.035820999999999880714085520594 6.596983999999999959129581839079 1.201394999999999990691890161543;4.754598999999999797694272274384 5.111740000000000172519776242552 8.177834000000000713725967216305 4.818627000000000215607087739045 15.077885999999999455667420988902 3.707539000000000140033762363601 -2.320965999999999862524191485136 6.068084999999999951114659779705 5.093206999999999595729605061933 3.204622000000000081598727774690;6.030184000000000210661710298155 3.823796000000000194773974726559 5.846594999999999764384028821951 6.508680000000000021032064978499 3.707539000000000140033762363601 6.034042000000000349757556250552 -0.606898999999999966270536333468 4.306695000000000383977294404758 4.725266999999999661952188034775 1.929759999999999919850779406261;6.744574000000000069121597334743 8.269603999999999288661456375849 4.861530000000000129034560814034 8.155796999999999741248757345602 -2.320965999999999862524191485136 -0.606898999999999966270536333468 18.053094000000001528860593680292 -1.017868999999999912731141193944 2.947529999999999983373299983214 -0.786667000000000005144329406903;6.794361000000000316845216730144 7.333751999999999604540334985359 6.139739999999999753299562144093 3.035820999999999880714085520594 6.068084999999999951114659779705 4.306695000000000383977294404758 -1.017868999999999912731141193944 11.759973999999999705323716625571 13.905219999999999913598003331572 4.700726999999999655699411960086;7.586861999999999994770405464806 10.317987000000000463728611066472 8.224838000000000093336893769447 6.596983999999999959129581839079 5.093206999999999595729605061933 4.725266999999999661952188034775 2.947529999999999983373299983214 13.905219999999999913598003331572 20.596720000000001249418346560560 3.652365000000000083701934272540;3.284283999999999981156406647642 3.712345000000000005968558980385 3.409820999999999990848209563410 1.201394999999999990691890161543 3.204622000000000081598727774690 1.929759999999999919850779406261 -0.786667000000000005144329406903 4.700726999999999655699411960086 3.652365000000000083701934272540 3.832605000000000039506176108262]
map('B') = [315.008652600133132182236295193434 283.356982919082724947656970471144 299.429277153212069606524892151356 276.439080081667555077729048207402 173.710370952696138147075544111431 141.882645870959635203689686022699 115.626085338423777670868730638176 233.516416069538138344796607270837 304.614484089355698870349442586303 98.296123906147940374466998036951]
map('X') = [4.035165928320570749576745583909 1.099206506786498449557143430866 4.168775162738177719745635840809 2.174716252449302000826492076158 2.188344020484175533880488728755 2.803766824679340352588496898534 2.383820342544382686611470489879 5.912376698065724411890187184326 4.429120465381592097742213809397 2.509524434576520857120840446441]
map('X_calculated') = [4.637635985590589982052733830642 1.688230331280546447914048258099 3.052008424694798272014395479346 2.092400940703657230557155344286 2.611125568688151155072318942985 3.068540913436035744155105930986 1.989342268589221696117874671472 3.465568973684191700357359877671 5.727349567991853795945189631311 3.638330573006793855483920197003]
map('eps') = 0.01000000000000000021
map('iterations_amount') = 9

result_1('1') = map
map = containers.Map()
map('A') = [21.515056000000001290572981815785 10.533777000000000612089934293181 14.174664999999999182023202592973 14.768053000000000096747498901095 4.754598999999999797694272274384 6.030184000000000210661710298155 6.744574000000000069121597334743 6.794361000000000316845216730144 7.586861999999999994770405464806 3.284283999999999981156406647642;10.533777000000000612089934293181 17.261694999999999566853148280643 13.522123000000000558884494239464 11.730415999999999954184204398189 5.111740000000000172519776242552 3.823796000000000194773974726559 8.269603999999999288661456375849 7.333751999999999604540334985359 10.317987000000000463728611066472 3.712345000000000005968558980385;14.174664999999999182023202592973 13.522123000000000558884494239464 15.959642000000000550130607734900 15.483715000000000117097442853265 8.177834000000000713725967216305 5.846594999999999764384028821951 4.861530000000000129034560814034 6.139739999999999753299562144093 8.224838000000000093336893769447 3.409820999999999990848209563410;14.768053000000000096747498901095 11.730415999999999954184204398189 15.483715000000000117097442853265 18.847049999999999414512785733677 4.818627000000000215607087739045 6.508680000000000021032064978499 8.155796999999999741248757345602 3.035820999999999880714085520594 6.596983999999999959129581839079 1.201394999999999990691890161543;4.754598999999999797694272274384 5.111740000000000172519776242552 8.177834000000000713725967216305 4.818627000000000215607087739045 15.077885999999999455667420988902 3.707539000000000140033762363601 -2.320965999999999862524191485136 6.068084999999999951114659779705 5.093206999999999595729605061933 3.204622000000000081598727774690;6.030184000000000210661710298155 3.823796000000000194773974726559 5.846594999999999764384028821951 6.508680000000000021032064978499 3.707539000000000140033762363601 6.034042000000000349757556250552 -0.606898999999999966270536333468 4.306695000000000383977294404758 4.725266999999999661952188034775 1.929759999999999919850779406261;6.744574000000000069121597334743 8.269603999999999288661456375849 4.861530000000000129034560814034 8.155796999999999741248757345602 -2.320965999999999862524191485136 -0.606898999999999966270536333468 18.053094000000001528860593680292 -1.017868999999999912731141193944 2.947529999999999983373299983214 -0.786667000000000005144329406903;6.794361000000000316845216730144 7.333751999999999604540334985359 6.139739999999999753299562144093 3.035820999999999880714085520594 6.068084999999999951114659779705 4.306695000000000383977294404758 -1.017868999999999912731141193944 11.759973999999999705323716625571 13.905219999999999913598003331572 4.700726999999999655699411960086;7.586861999999999994770405464806 10.317987000000000463728611066472 8.224838000000000093336893769447 6.596983999999999959129581839079 5.093206999999999595729605061933 4.725266999999999661952188034775 2.947529999999999983373299983214 13.905219999999999913598003331572 20.596720000000001249418346560560 3.652365000000000083701934272540;3.284283999999999981156406647642 3.712345000000000005968558980385 3.409820999999999990848209563410 1.201394999999999990691890161543 3.204622000000000081598727774690 1.929759999999999919850779406261 -0.786667000000000005144329406903 4.700726999999999655699411960086 3.652365000000000083701934272540 3.832605000000000039506176108262]
map('B') = [442.814359479808729247451992705464 435.189827984403564187232404947281 449.233241169871803322166670113802 403.143550454630712920334190130234 292.608054095194916044420097023249 203.718189508491548167512519285083 183.577777945416812599432887509465 338.680814049843490920466138049960 434.649630875014111097698332741857 151.416282162718715653682011179626]
map('X') = [4.264897899359882948999711516080 3.745204327509367825399522189400 5.965814490321005969519774225773 1.561727098450868878032338216144 6.926716269891111110723613819573 5.014783723752379351878971647238 5.121224350352409970810185768642 5.154210272316919194679485372035 6.522514508814790445967446430586 6.624676356848643976604762428906]
map('X_calculated') = [4.264898828589643642317241756245 3.745204719796117132091239909641 5.965814661327374146537749766139 1.561728511272980401969334707246 6.926714820293020657970828324324 5.014783302319834490390348946676 5.121226829108617373265133210225 5.154207853685573326174562680535 6.522512697536121173413903306937 6.624675736678019788428173342254]
map('eps') = 0.00100000000000000002
map('iterations_amount') = 11

result_1('2') = map
map = containers.Map()
map('A') = [21.515056000000001290572981815785 10.533777000000000612089934293181 14.174664999999999182023202592973 14.768053000000000096747498901095 4.754598999999999797694272274384 6.030184000000000210661710298155 6.744574000000000069121597334743 6.794361000000000316845216730144 7.586861999999999994770405464806 3.284283999999999981156406647642;10.533777000000000612089934293181 17.261694999999999566853148280643 13.522123000000000558884494239464 11.730415999999999954184204398189 5.111740000000000172519776242552 3.823796000000000194773974726559 8.269603999999999288661456375849 7.333751999999999604540334985359 10.317987000000000463728611066472 3.712345000000000005968558980385;14.174664999999999182023202592973 13.522123000000000558884494239464 15.959642000000000550130607734900 15.483715000000000117097442853265 8.177834000000000713725967216305 5.846594999999999764384028821951 4.861530000000000129034560814034 6.139739999999999753299562144093 8.224838000000000093336893769447 3.409820999999999990848209563410;14.768053000000000096747498901095 11.730415999999999954184204398189 15.483715000000000117097442853265 18.847049999999999414512785733677 4.818627000000000215607087739045 6.508680000000000021032064978499 8.155796999999999741248757345602 3.035820999999999880714085520594 6.596983999999999959129581839079 1.201394999999999990691890161543;4.754598999999999797694272274384 5.111740000000000172519776242552 8.177834000000000713725967216305 4.818627000000000215607087739045 15.077885999999999455667420988902 3.707539000000000140033762363601 -2.320965999999999862524191485136 6.068084999999999951114659779705 5.093206999999999595729605061933 3.204622000000000081598727774690;6.030184000000000210661710298155 3.823796000000000194773974726559 5.846594999999999764384028821951 6.508680000000000021032064978499 3.707539000000000140033762363601 6.034042000000000349757556250552 -0.606898999999999966270536333468 4.306695000000000383977294404758 4.725266999999999661952188034775 1.929759999999999919850779406261;6.744574000000000069121597334743 8.269603999999999288661456375849 4.861530000000000129034560814034 8.155796999999999741248757345602 -2.320965999999999862524191485136 -0.606898999999999966270536333468 18.053094000000001528860593680292 -1.017868999999999912731141193944 2.947529999999999983373299983214 -0.786667000000000005144329406903;6.794361000000000316845216730144 7.333751999999999604540334985359 6.139739999999999753299562144093 3.035820999999999880714085520594 6.068084999999999951114659779705 4.306695000000000383977294404758 -1.017868999999999912731141193944 11.759973999999999705323716625571 13.905219999999999913598003331572 4.700726999999999655699411960086;7.586861999999999994770405464806 10.317987000000000463728611066472 8.224838000000000093336893769447 6.596983999999999959129581839079 5.093206999999999595729605061933 4.725266999999999661952188034775 2.947529999999999983373299983214 13.905219999999999913598003331572 20.596720000000001249418346560560 3.652365000000000083701934272540;3.284283999999999981156406647642 3.712345000000000005968558980385 3.409820999999999990848209563410 1.201394999999999990691890161543 3.204622000000000081598727774690 1.929759999999999919850779406261 -0.786667000000000005144329406903 4.700726999999999655699411960086 3.652365000000000083701934272540 3.832605000000000039506176108262]
map('B') = [385.447577212141936797706875950098 364.989971901643968976713949814439 373.889240931219546837382949888706 368.935111363513613014220027253032 180.399652590346022407175041735172 167.482829463625165544726769439876 203.333029956475343169586267322302 236.852191853434362656116718426347 323.585951451828634617413626983762 106.077022903509600837423931807280]
map('X') = [4.400470832549254751597800350282 4.407222446709509355855516332667 3.093989536209958313150991671137 3.595675799341721212698530507623 2.123349368164012762605352691025 6.349893381516399593067490059184 5.135871674928754515576656558551 1.242863325049571310287888081803 4.945292768508798175730589719024 5.602263296303461537206658249488]
map('X_calculated') = [4.400471027537281365482613182394 4.407222509439244539919400267536 3.093989626504673129403499842738 3.595676133997927514940329274395 2.123349024875244239751737040933 6.349893277081228859515249496326 5.135872253836668122062292241026 1.242862859666816754966589542164 4.945292285961183864628765149973 5.602263107585648604924699611729]
map('eps') = 0.00010000000000000000
map('iterations_amount') = 11

result_1('3') = map
map = containers.Map()
map('A') = [21.515056000000001290572981815785 10.533777000000000612089934293181 14.174664999999999182023202592973 14.768053000000000096747498901095 4.754598999999999797694272274384 6.030184000000000210661710298155 6.744574000000000069121597334743 6.794361000000000316845216730144 7.586861999999999994770405464806 3.284283999999999981156406647642;10.533777000000000612089934293181 17.261694999999999566853148280643 13.522123000000000558884494239464 11.730415999999999954184204398189 5.111740000000000172519776242552 3.823796000000000194773974726559 8.269603999999999288661456375849 7.333751999999999604540334985359 10.317987000000000463728611066472 3.712345000000000005968558980385;14.174664999999999182023202592973 13.522123000000000558884494239464 15.959642000000000550130607734900 15.483715000000000117097442853265 8.177834000000000713725967216305 5.846594999999999764384028821951 4.861530000000000129034560814034 6.139739999999999753299562144093 8.224838000000000093336893769447 3.409820999999999990848209563410;14.768053000000000096747498901095 11.730415999999999954184204398189 15.483715000000000117097442853265 18.847049999999999414512785733677 4.818627000000000215607087739045 6.508680000000000021032064978499 8.155796999999999741248757345602 3.035820999999999880714085520594 6.596983999999999959129581839079 1.201394999999999990691890161543;4.754598999999999797694272274384 5.111740000000000172519776242552 8.177834000000000713725967216305 4.818627000000000215607087739045 15.077885999999999455667420988902 3.707539000000000140033762363601 -2.320965999999999862524191485136 6.068084999999999951114659779705 5.093206999999999595729605061933 3.204622000000000081598727774690;6.030184000000000210661710298155 3.823796000000000194773974726559 5.846594999999999764384028821951 6.508680000000000021032064978499 3.707539000000000140033762363601 6.034042000000000349757556250552 -0.606898999999999966270536333468 4.306695000000000383977294404758 4.725266999999999661952188034775 1.929759999999999919850779406261;6.744574000000000069121597334743 8.269603999999999288661456375849 4.861530000000000129034560814034 8.155796999999999741248757345602 -2.320965999999999862524191485136 -0.606898999999999966270536333468 18.053094000000001528860593680292 -1.017868999999999912731141193944 2.947529999999999983373299983214 -0.786667000000000005144329406903;6.794361000000000316845216730144 7.333751999999999604540334985359 6.139739999999999753299562144093 3.035820999999999880714085520594 6.068084999999999951114659779705 4.306695000000000383977294404758 -1.017868999999999912731141193944 11.759973999999999705323716625571 13.905219999999999913598003331572 4.700726999999999655699411960086;7.586861999999999994770405464806 10.317987000000000463728611066472 8.224838000000000093336893769447 6.596983999999999959129581839079 5.093206999999999595729605061933 4.725266999999999661952188034775 2.947529999999999983373299983214 13.905219999999999913598003331572 20.596720000000001249418346560560 3.652365000000000083701934272540;3.284283999999999981156406647642 3.712345000000000005968558980385 3.409820999999999990848209563410 1.201394999999999990691890161543 3.204622000000000081598727774690 1.929759999999999919850779406261 -0.786667000000000005144329406903 4.700726999999999655699411960086 3.652365000000000083701934272540 3.832605000000000039506176108262]
map('B') = [459.616488843248419016163097694516 408.575171811796508336556144058704 428.618795962652995967800961807370 419.474094631780758390959817916155 223.220069235329106049903202801943 199.648812906939554068230791017413 226.110349332542341471707914024591 297.346969108414441507193259894848 400.619665863682484996388666331768 128.485022630016572975364397279918]
map('X') = [6.260124843688739559866007766686 1.833891236611591146754562942078 3.731037250594718912566349899862 3.671348707131738109410434844904 3.317028033229069805543076654430 6.964410288708475782470941339852 6.724468245042706016079137043562 3.501790040871961995350147844874 6.691231879261896331456682673888 6.341567782844215628301753895357]
map('X_calculated') = [6.260124839834842802588354970794 1.833891240067242467404184935731 3.731037246197224543919901407207 3.671348703000119506612008990487 3.317028025302667604279349689023 6.964410285505106656955831567757 6.724468254084984941698621696560 3.501790045115268590336654597195 6.691231888830222018782478698995 6.341567782363363825481883395696]
map('eps') = 0.00001000000000000000
map('iterations_amount') = 12

result_1('4') = map
map = containers.Map()
map('A') = [21.515056000000001290572981815785 10.533777000000000612089934293181 14.174664999999999182023202592973 14.768053000000000096747498901095 4.754598999999999797694272274384 6.030184000000000210661710298155 6.744574000000000069121597334743 6.794361000000000316845216730144 7.586861999999999994770405464806 3.284283999999999981156406647642;10.533777000000000612089934293181 17.261694999999999566853148280643 13.522123000000000558884494239464 11.730415999999999954184204398189 5.111740000000000172519776242552 3.823796000000000194773974726559 8.269603999999999288661456375849 7.333751999999999604540334985359 10.317987000000000463728611066472 3.712345000000000005968558980385;14.174664999999999182023202592973 13.522123000000000558884494239464 15.959642000000000550130607734900 15.483715000000000117097442853265 8.177834000000000713725967216305 5.846594999999999764384028821951 4.861530000000000129034560814034 6.139739999999999753299562144093 8.224838000000000093336893769447 3.409820999999999990848209563410;14.768053000000000096747498901095 11.730415999999999954184204398189 15.483715000000000117097442853265 18.847049999999999414512785733677 4.818627000000000215607087739045 6.508680000000000021032064978499 8.155796999999999741248757345602 3.035820999999999880714085520594 6.596983999999999959129581839079 1.201394999999999990691890161543;4.754598999999999797694272274384 5.111740000000000172519776242552 8.177834000000000713725967216305 4.818627000000000215607087739045 15.077885999999999455667420988902 3.707539000000000140033762363601 -2.320965999999999862524191485136 6.068084999999999951114659779705 5.093206999999999595729605061933 3.204622000000000081598727774690;6.030184000000000210661710298155 3.823796000000000194773974726559 5.846594999999999764384028821951 6.508680000000000021032064978499 3.707539000000000140033762363601 6.034042000000000349757556250552 -0.606898999999999966270536333468 4.306695000000000383977294404758 4.725266999999999661952188034775 1.929759999999999919850779406261;6.744574000000000069121597334743 8.269603999999999288661456375849 4.861530000000000129034560814034 8.155796999999999741248757345602 -2.320965999999999862524191485136 -0.606898999999999966270536333468 18.053094000000001528860593680292 -1.017868999999999912731141193944 2.947529999999999983373299983214 -0.786667000000000005144329406903;6.794361000000000316845216730144 7.333751999999999604540334985359 6.139739999999999753299562144093 3.035820999999999880714085520594 6.068084999999999951114659779705 4.306695000000000383977294404758 -1.017868999999999912731141193944 11.759973999999999705323716625571 13.905219999999999913598003331572 4.700726999999999655699411960086;7.586861999999999994770405464806 10.317987000000000463728611066472 8.224838000000000093336893769447 6.596983999999999959129581839079 5.093206999999999595729605061933 4.725266999999999661952188034775 2.947529999999999983373299983214 13.905219999999999913598003331572 20.596720000000001249418346560560 3.652365000000000083701934272540;3.284283999999999981156406647642 3.712345000000000005968558980385 3.409820999999999990848209563410 1.201394999999999990691890161543 3.204622000000000081598727774690 1.929759999999999919850779406261 -0.786667000000000005144329406903 4.700726999999999655699411960086 3.652365000000000083701934272540 3.832605000000000039506176108262]
map('B') = [438.344248145270569239073665812612 421.139304805402559850335819646716 429.030286746764033978251973167062 404.693729959550410058000124990940 237.212711390158801805227994918823 189.180420423086388836964033544064 207.071789782603360663415514864028 302.527139815556267876672791317105 404.767215654252311196614755317569 129.626709569312481562519678846002]
map('X') = [5.202666073200602703252570790937 5.202828515415466092974838829832 2.786558873386382639836256203125 4.440223912913456416617918876000 4.250282263499816082230609026738 3.603860679829428370624100352870 4.659534229272759731088626722340 5.891756301229706060951230028877 5.425853424438207284197233093437 3.644123238811326714881033694837]
map('X_calculated') = [5.202666076148259932665496307891 5.202828512872145871881457424024 2.786558876758363112458027899265 4.440223916186127439686970319599 4.250282268983891498237426276319 3.603860682060682663063744257670 4.659534223109631945192177227000 5.891756297989913626622637821129 5.425853416988932309550364152528 3.644123238901761041574900445994]
map('eps') = 0.00000100000000000000
map('iterations_amount') = 12

result_1('5') = map
map = containers.Map()
map('A') = [21.515056000000001290572981815785 10.533777000000000612089934293181 14.174664999999999182023202592973 14.768053000000000096747498901095 4.754598999999999797694272274384 6.030184000000000210661710298155 6.744574000000000069121597334743 6.794361000000000316845216730144 7.586861999999999994770405464806 3.284283999999999981156406647642;10.533777000000000612089934293181 17.261694999999999566853148280643 13.522123000000000558884494239464 11.730415999999999954184204398189 5.111740000000000172519776242552 3.823796000000000194773974726559 8.269603999999999288661456375849 7.333751999999999604540334985359 10.317987000000000463728611066472 3.712345000000000005968558980385;14.174664999999999182023202592973 13.522123000000000558884494239464 15.959642000000000550130607734900 15.483715000000000117097442853265 8.177834000000000713725967216305 5.846594999999999764384028821951 4.861530000000000129034560814034 6.139739999999999753299562144093 8.224838000000000093336893769447 3.409820999999999990848209563410;14.768053000000000096747498901095 11.730415999999999954184204398189 15.483715000000000117097442853265 18.847049999999999414512785733677 4.818627000000000215607087739045 6.508680000000000021032064978499 8.155796999999999741248757345602 3.035820999999999880714085520594 6.596983999999999959129581839079 1.201394999999999990691890161543;4.754598999999999797694272274384 5.111740000000000172519776242552 8.177834000000000713725967216305 4.818627000000000215607087739045 15.077885999999999455667420988902 3.707539000000000140033762363601 -2.320965999999999862524191485136 6.068084999999999951114659779705 5.093206999999999595729605061933 3.204622000000000081598727774690;6.030184000000000210661710298155 3.823796000000000194773974726559 5.846594999999999764384028821951 6.508680000000000021032064978499 3.707539000000000140033762363601 6.034042000000000349757556250552 -0.606898999999999966270536333468 4.306695000000000383977294404758 4.725266999999999661952188034775 1.929759999999999919850779406261;6.744574000000000069121597334743 8.269603999999999288661456375849 4.861530000000000129034560814034 8.155796999999999741248757345602 -2.320965999999999862524191485136 -0.606898999999999966270536333468 18.053094000000001528860593680292 -1.017868999999999912731141193944 2.947529999999999983373299983214 -0.786667000000000005144329406903;6.794361000000000316845216730144 7.333751999999999604540334985359 6.139739999999999753299562144093 3.035820999999999880714085520594 6.068084999999999951114659779705 4.306695000000000383977294404758 -1.017868999999999912731141193944 11.759973999999999705323716625571 13.905219999999999913598003331572 4.700726999999999655699411960086;7.586861999999999994770405464806 10.317987000000000463728611066472 8.224838000000000093336893769447 6.596983999999999959129581839079 5.093206999999999595729605061933 4.725266999999999661952188034775 2.947529999999999983373299983214 13.905219999999999913598003331572 20.596720000000001249418346560560 3.652365000000000083701934272540;3.284283999999999981156406647642 3.712345000000000005968558980385 3.409820999999999990848209563410 1.201394999999999990691890161543 3.204622000000000081598727774690 1.929759999999999919850779406261 -0.786667000000000005144329406903 4.700726999999999655699411960086 3.652365000000000083701934272540 3.832605000000000039506176108262]
map('B') = [381.930336331816647543746512383223 395.762866011221376538742333650589 386.423464953181394321291008964181 377.653146057627168374892789870501 180.141106886372085682523902505636 170.529998939634992893843445926905 217.453870233849102078238502144814 262.675973217237014978309161961079 366.706628074748266499227611348033 115.627494391962812869678600691259]
map('X') = [1.859130071876165413158332739840 5.460380322979940359573447494768 1.980166262006464616973744341522 6.402056098171535758467598498100 1.059636203134262988356795176514 4.485979388694269154314042680198 5.435085045376366608138596347999 4.600840024464223354527803167002 5.134499744109111141199264238821 6.953495560657929175363278773148]
map('X_calculated') = [1.859130070960086866804772398609 5.460380323839298277732723363442 1.980166260920418253022035059985 6.402056097189743333331080066273 1.059636201294420043694799460354 4.485979387951295471737012121594 5.435085047520785472840998409083 4.600840025362287200039190793177 5.134499746418948795678716123803 6.953495560599010083535631565610]
map('eps') = 0.00000010000000000000
map('iterations_amount') = 12

result_1('6') = map
map = containers.Map()
map('A') = [21.515056000000001290572981815785 10.533777000000000612089934293181 14.174664999999999182023202592973 14.768053000000000096747498901095 4.754598999999999797694272274384 6.030184000000000210661710298155 6.744574000000000069121597334743 6.794361000000000316845216730144 7.586861999999999994770405464806 3.284283999999999981156406647642;10.533777000000000612089934293181 17.261694999999999566853148280643 13.522123000000000558884494239464 11.730415999999999954184204398189 5.111740000000000172519776242552 3.823796000000000194773974726559 8.269603999999999288661456375849 7.333751999999999604540334985359 10.317987000000000463728611066472 3.712345000000000005968558980385;14.174664999999999182023202592973 13.522123000000000558884494239464 15.959642000000000550130607734900 15.483715000000000117097442853265 8.177834000000000713725967216305 5.846594999999999764384028821951 4.861530000000000129034560814034 6.139739999999999753299562144093 8.224838000000000093336893769447 3.409820999999999990848209563410;14.768053000000000096747498901095 11.730415999999999954184204398189 15.483715000000000117097442853265 18.847049999999999414512785733677 4.818627000000000215607087739045 6.508680000000000021032064978499 8.155796999999999741248757345602 3.035820999999999880714085520594 6.596983999999999959129581839079 1.201394999999999990691890161543;4.754598999999999797694272274384 5.111740000000000172519776242552 8.177834000000000713725967216305 4.818627000000000215607087739045 15.077885999999999455667420988902 3.707539000000000140033762363601 -2.320965999999999862524191485136 6.068084999999999951114659779705 5.093206999999999595729605061933 3.204622000000000081598727774690;6.030184000000000210661710298155 3.823796000000000194773974726559 5.846594999999999764384028821951 6.508680000000000021032064978499 3.707539000000000140033762363601 6.034042000000000349757556250552 -0.606898999999999966270536333468 4.306695000000000383977294404758 4.725266999999999661952188034775 1.929759999999999919850779406261;6.744574000000000069121597334743 8.269603999999999288661456375849 4.861530000000000129034560814034 8.155796999999999741248757345602 -2.320965999999999862524191485136 -0.606898999999999966270536333468 18.053094000000001528860593680292 -1.017868999999999912731141193944 2.947529999999999983373299983214 -0.786667000000000005144329406903;6.794361000000000316845216730144 7.333751999999999604540334985359 6.139739999999999753299562144093 3.035820999999999880714085520594 6.068084999999999951114659779705 4.306695000000000383977294404758 -1.017868999999999912731141193944 11.759973999999999705323716625571 13.905219999999999913598003331572 4.700726999999999655699411960086;7.586861999999999994770405464806 10.317987000000000463728611066472 8.224838000000000093336893769447 6.596983999999999959129581839079 5.093206999999999595729605061933 4.725266999999999661952188034775 2.947529999999999983373299983214 13.905219999999999913598003331572 20.596720000000001249418346560560 3.652365000000000083701934272540;3.284283999999999981156406647642 3.712345000000000005968558980385 3.409820999999999990848209563410 1.201394999999999990691890161543 3.204622000000000081598727774690 1.929759999999999919850779406261 -0.786667000000000005144329406903 4.700726999999999655699411960086 3.652365000000000083701934272540 3.832605000000000039506176108262]
map('B') = [311.191110125820500797999557107687 299.603958086947613992379046976566 304.334713246497699401516001671553 281.544837831876122891117120161653 159.098167674183713415914098732173 137.139402379753477134727290831506 124.279917244169098466954892501235 217.671460504515465572694665752351 283.814917029796731640090001747012 96.272234925503227032095310278237]
map('X') = [4.083551146594598613148718868615 4.895189114797482865526490058983 2.995108155997054488750563905342 2.133656855269175700584582955344 1.350050422991649456960772113234 3.163843037171216288072628231021 1.386313621134643181420642576995 3.792778811786686521401179561508 3.586393724003058558480461215368 3.037878023943807015427864826052]
map('X_calculated') = [4.083551146539096343701658042846 4.895189114752800385588216158794 2.995108156079552497175200187485 2.133656855273741381751051449100 1.350050422964103935541402279341 3.163843037170644301170341350371 1.386313621175128130147413685336 3.792778811976390773708089909633 3.586393723897749019613456766820 3.037878023864356347161219673580]
map('eps') = 0.00000001000000000000
map('iterations_amount') = 13

result_1('7') = map
map = containers.Map()
map('A') = [21.515056000000001290572981815785 10.533777000000000612089934293181 14.174664999999999182023202592973 14.768053000000000096747498901095 4.754598999999999797694272274384 6.030184000000000210661710298155 6.744574000000000069121597334743 6.794361000000000316845216730144 7.586861999999999994770405464806 3.284283999999999981156406647642;10.533777000000000612089934293181 17.261694999999999566853148280643 13.522123000000000558884494239464 11.730415999999999954184204398189 5.111740000000000172519776242552 3.823796000000000194773974726559 8.269603999999999288661456375849 7.333751999999999604540334985359 10.317987000000000463728611066472 3.712345000000000005968558980385;14.174664999999999182023202592973 13.522123000000000558884494239464 15.959642000000000550130607734900 15.483715000000000117097442853265 8.177834000000000713725967216305 5.846594999999999764384028821951 4.861530000000000129034560814034 6.139739999999999753299562144093 8.224838000000000093336893769447 3.409820999999999990848209563410;14.768053000000000096747498901095 11.730415999999999954184204398189 15.483715000000000117097442853265 18.847049999999999414512785733677 4.818627000000000215607087739045 6.508680000000000021032064978499 8.155796999999999741248757345602 3.035820999999999880714085520594 6.596983999999999959129581839079 1.201394999999999990691890161543;4.754598999999999797694272274384 5.111740000000000172519776242552 8.177834000000000713725967216305 4.818627000000000215607087739045 15.077885999999999455667420988902 3.707539000000000140033762363601 -2.320965999999999862524191485136 6.068084999999999951114659779705 5.093206999999999595729605061933 3.204622000000000081598727774690;6.030184000000000210661710298155 3.823796000000000194773974726559 5.846594999999999764384028821951 6.508680000000000021032064978499 3.707539000000000140033762363601 6.034042000000000349757556250552 -0.606898999999999966270536333468 4.306695000000000383977294404758 4.725266999999999661952188034775 1.929759999999999919850779406261;6.744574000000000069121597334743 8.269603999999999288661456375849 4.861530000000000129034560814034 8.155796999999999741248757345602 -2.320965999999999862524191485136 -0.606898999999999966270536333468 18.053094000000001528860593680292 -1.017868999999999912731141193944 2.947529999999999983373299983214 -0.786667000000000005144329406903;6.794361000000000316845216730144 7.333751999999999604540334985359 6.139739999999999753299562144093 3.035820999999999880714085520594 6.068084999999999951114659779705 4.306695000000000383977294404758 -1.017868999999999912731141193944 11.759973999999999705323716625571 13.905219999999999913598003331572 4.700726999999999655699411960086;7.586861999999999994770405464806 10.317987000000000463728611066472 8.224838000000000093336893769447 6.596983999999999959129581839079 5.093206999999999595729605061933 4.725266999999999661952188034775 2.947529999999999983373299983214 13.905219999999999913598003331572 20.596720000000001249418346560560 3.652365000000000083701934272540;3.284283999999999981156406647642 3.712345000000000005968558980385 3.409820999999999990848209563410 1.201394999999999990691890161543 3.204622000000000081598727774690 1.929759999999999919850779406261 -0.786667000000000005144329406903 4.700726999999999655699411960086 3.652365000000000083701934272540 3.832605000000000039506176108262]
map('B') = [405.336397887172893206297885626554 414.843833399106017623125808313489 420.416297794707588764140382409096 390.357215641726952526369132101536 254.745638710599195064787636511028 187.354498384703788360639009624720 192.694114128617570713686291128397 299.932213336860797880945028737187 403.492788911482591629464877769351 125.638315663831733104416343849152]
