25.447929 18.848251 23.225874 16.298155 10.782909 6.952133 6.108750 -6.205275 17.297569 6.706154 
18.848251 23.422483 19.036674 14.429790 15.663688 6.716876 7.075904 0.613597 8.011709 8.325369 
23.225874 19.036674 32.898778 22.239568 15.534685 9.302149 9.888914 0.317092 13.473580 13.117530 
16.298155 14.429790 22.239568 33.015877 11.557729 2.056155 -0.100881 -7.121043 11.157286 14.684622 
10.782909 15.663688 15.534685 11.557729 15.759428 5.790737 9.405783 4.433383 6.115635 7.369914 
6.952133 6.716876 9.302149 2.056155 5.790737 5.366837 5.807146 2.108172 2.762248 2.138124 
6.108750 7.075904 9.888914 -0.100881 9.405783 5.807146 22.097492 11.270867 10.213427 1.580015 
-6.205275 0.613597 0.317092 -7.121043 4.433383 2.108172 11.270867 21.654987 -2.110814 1.361191 
17.297569 8.011709 13.473580 11.157286 6.115635 2.762248 10.213427 -2.110814 22.439155 2.756172 
6.706154 8.325369 13.117530 14.684622 7.369914 2.138124 1.580015 1.361191 2.756172 9.503893 
1090.626694