6.748009 -0.992614 0.773992 -1.591622 -0.171569 -1.244009 0.531675 -0.130993 0.929258 0.208731 
-0.992614 5.503282 -0.137751 0.460592 -0.331334 -0.816283 0.611640 -0.795499 -0.956849 -0.765483 
0.773992 -0.137751 4.562865 0.480177 0.688644 -0.923056 -1.482834 0.334976 0.143997 2.023930 
-1.591622 0.460592 0.480177 6.193850 0.771027 -1.633157 -0.691936 1.309440 -0.366430 0.078324 
-0.171569 -0.331334 0.688644 0.771027 5.277540 -0.989811 -0.352421 -0.142223 -0.799004 0.764610 
-1.244009 -0.816283 -0.923056 -1.633157 -0.989811 4.972613 0.578306 -1.413620 -0.761318 0.232239 
0.531675 0.611640 -1.482834 -0.691936 -0.352421 0.578306 5.699326 1.750645 0.452512 -1.098496 
-0.130993 -0.795499 0.334976 1.309440 -0.142223 -1.413620 1.750645 5.405654 0.140936 1.889021 
0.929258 -0.956849 0.143997 -0.366430 -0.799004 -0.761318 0.452512 0.140936 5.944861 -1.342522 
0.208731 -0.765483 2.023930 0.078324 0.764610 0.232239 -1.098496 1.889021 -1.342522 4.692000 

1.000000 2.000000 3.000000 4.000000 5.000000 6.000000 7.000000 8.000000 9.000000 10.000000 
