6.265637 -0.304999 0.785469 -1.204487 1.492604 -1.263384 -0.649423 0.416652 0.015962 -0.174757 
-0.304999 3.624942 0.521374 0.946663 0.584768 0.425685 -0.856636 -0.981495 -0.430608 1.354542 
0.785469 0.521374 6.867132 -1.822825 -0.860744 -0.497958 -0.192297 0.403388 0.800028 -1.361264 
-1.204487 0.946663 -1.822825 3.907713 1.752107 -0.285832 0.919573 0.018050 -0.136586 0.571654 
1.492604 0.584768 -0.860744 1.752107 5.032475 -2.043798 -1.391716 -0.300301 -0.072503 0.461170 
-1.263384 0.425685 -0.497958 -0.285832 -2.043798 5.435921 -0.934463 0.137688 -1.305495 0.795325 
-0.649423 -0.856636 -0.192297 0.919573 -1.391716 -0.934463 5.624151 0.629271 0.772167 0.491004 
0.416652 -0.981495 0.403388 0.018050 -0.300301 0.137688 0.629271 4.764862 -0.664193 -0.318156 
0.015962 -0.430608 0.800028 -0.136586 -0.072503 -1.305495 0.772167 -0.664193 6.472243 0.457077 
-0.174757 1.354542 -1.361264 0.571654 0.461170 0.795325 0.491004 -0.318156 0.457077 7.004923 

1.000000 2.000000 3.000000 4.000000 5.000000 6.000000 7.000000 8.000000 9.000000 10.000000 
