19.149400 -1.308762 12.412621 5.259997 5.036622 1.437953 10.481331 13.781286 7.592424 6.450596 
-1.308762 26.672782 -3.290703 -0.725494 13.067455 1.160504 6.561168 5.605912 10.775509 7.694739 
12.412621 -3.290703 25.185666 5.109925 15.932945 6.399978 9.622477 11.457252 7.578613 13.470936 
5.259997 -0.725494 5.109925 10.689786 1.232688 1.630371 6.500309 12.008003 5.337760 2.769742 
5.036622 13.067455 15.932945 1.232688 36.360598 6.974473 12.613168 8.848995 11.690621 10.423505 
1.437953 1.160504 6.399978 1.630371 6.974473 6.660277 3.544410 3.933229 5.802293 5.522883 
10.481331 6.561168 9.622477 6.500309 12.613168 3.544410 14.926669 14.407781 8.521242 8.934631 
13.781286 5.605912 11.457252 12.008003 8.848995 3.933229 14.407781 34.282320 16.228934 6.916521 
7.592424 10.775509 7.578613 5.337760 11.690621 5.802293 8.521242 16.228934 14.811323 8.634600 
6.450596 7.694739 13.470936 2.769742 10.423505 5.522883 8.934631 6.916521 8.634600 16.505071 
243.309041