20.974680 15.285216 10.334856 8.702159 13.887426 12.197347 16.453452 6.916091 14.380392 6.356576 
15.285216 14.009173 8.695269 7.041056 13.634948 9.742371 14.640251 5.741982 10.398096 5.975333 
10.334856 8.695269 14.637995 9.070606 9.699740 6.829533 8.919479 7.428394 12.395179 7.298815 
8.702159 7.041056 9.070606 17.237909 3.924930 2.515233 5.107120 6.051538 8.814321 4.870692 
13.887426 13.634948 9.699740 3.924930 22.902504 16.396799 16.008057 1.961610 9.105102 6.535433 
12.197347 9.742371 6.829533 2.515233 16.396799 17.863085 11.628944 2.530939 8.291769 2.932837 
16.453452 14.640251 8.919479 5.107120 16.008057 11.628944 25.437550 2.228491 16.340547 5.252810 
6.916091 5.741982 7.428394 6.051538 1.961610 2.530939 2.228491 11.177605 5.778620 0.602003 
14.380392 10.398096 12.395179 8.814321 9.105102 8.291769 16.340547 5.778620 18.318888 6.523156 
6.356576 5.975333 7.298815 4.870692 6.535433 2.932837 5.252810 0.602003 6.523156 7.242004 
13010.994315