33.794304 15.054112 24.583852 14.898353 4.815017 22.712807 16.316230 13.698709 5.314408 13.385163 
15.054112 18.660992 17.273266 7.011014 10.145585 7.100127 16.294635 4.694231 2.857613 14.131548 
24.583852 17.273266 33.644287 7.852982 10.506223 15.673551 15.928157 13.298927 7.868325 12.428978 
14.898353 7.011014 7.852982 16.483583 4.694982 7.266533 11.047797 1.664489 3.915330 7.102458 
4.815017 10.145585 10.506223 4.694982 11.451891 1.836855 7.556834 -1.740067 0.994861 5.531838 
22.712807 7.100127 15.673551 7.266533 1.836855 30.440586 11.562722 11.070847 9.290233 9.069386 
16.316230 16.294635 15.928157 11.047797 7.556834 11.562722 25.105208 7.411633 6.985585 19.151106 
13.698709 4.694231 13.298927 1.664489 -1.740067 11.070847 7.411633 14.528180 4.971897 4.414889 
5.314408 2.857613 7.868325 3.915330 0.994861 9.290233 6.985585 4.971897 7.998806 3.686214 
13.385163 14.131548 12.428978 7.102458 5.531838 9.069386 19.151106 4.414889 3.686214 17.454698 
857.159620