3.752742 1.164210 -0.446847 -0.792265 -1.324085 -0.323737 -0.737876 -0.769980 -0.962689 -1.424357 
1.164210 5.890908 0.815891 1.052830 0.319098 -0.466648 0.669749 1.099026 0.370041 -0.733768 
-0.446847 0.815891 5.502246 1.633044 -0.803741 -0.951501 0.121118 -0.563097 -0.174154 -0.411648 
-0.792265 1.052830 1.633044 6.279326 -0.433268 1.424146 0.717801 0.677798 0.105498 -0.912632 
-1.324085 0.319098 -0.803741 -0.433268 3.349117 0.918498 0.567769 -0.404726 0.805007 -0.597048 
-0.323737 -0.466648 -0.951501 1.424146 0.918498 7.264130 -1.235499 -1.757250 -0.206155 0.599061 
-0.737876 0.669749 0.121118 0.717801 0.567769 -1.235499 6.742013 0.681948 0.188991 -1.147784 
-0.769980 1.099026 -0.563097 0.677798 -0.404726 -1.757250 0.681948 6.049998 -0.064163 1.780841 
-0.962689 0.370041 -0.174154 0.105498 0.805007 -0.206155 0.188991 -0.064163 4.253303 -0.027532 
-1.424357 -0.733768 -0.411648 -0.912632 -0.597048 0.599061 -1.147784 1.780841 -0.027532 5.916219 

1.000000 2.000000 3.000000 4.000000 5.000000 6.000000 7.000000 8.000000 9.000000 10.000000 
