13.019732 12.988530 12.660334 8.610775 7.080036 8.893447 9.172354 -2.654895 6.439421 14.263613 
12.988530 29.939208 17.660511 6.378787 8.874210 7.606168 13.913132 4.343055 16.313310 25.418908 
12.660334 17.660511 36.340066 7.012800 14.002749 12.589213 16.844733 -1.774001 14.181578 22.968107 
8.610775 6.378787 7.012800 9.849552 7.333676 8.240192 7.984265 -3.436410 2.918217 7.284759 
7.080036 8.874210 14.002749 7.333676 11.001637 4.433893 9.509199 -2.485294 5.091960 10.536921 
8.893447 7.606168 12.589213 8.240192 4.433893 19.295605 6.570476 -4.940480 7.925162 11.266121 
9.172354 13.913132 16.844733 7.984265 9.509199 6.570476 15.566956 0.781445 10.919905 13.374611 
-2.654895 4.343055 -1.774001 -3.436410 -2.485294 -4.940480 0.781445 8.588992 1.245590 -0.340436 
6.439421 16.313310 14.181578 2.918217 5.091960 7.925162 10.919905 1.245590 19.320181 17.091906 
14.263613 25.418908 22.968107 7.284759 10.536921 11.266121 13.374611 -0.340436 17.091906 26.068502 
114065.489841