5.932356 1.584427 -0.170555 0.540553 -0.980188 0.452820 -0.079629 0.973925 0.756121 -0.123488 
1.584427 4.068734 0.615483 0.377883 -0.891386 0.174294 0.060339 0.265159 -1.630487 -0.814669 
-0.170555 0.615483 4.989007 -0.349712 1.402753 -1.913419 0.840554 0.895467 -0.214426 0.988636 
0.540553 0.377883 -0.349712 5.627460 -1.814479 0.046535 -0.076864 1.059539 -0.244129 0.431653 
-0.980188 -0.891386 1.402753 -1.814479 5.216617 -0.530898 -2.389667 -0.201140 0.761934 0.564484 
0.452820 0.174294 -1.913419 0.046535 -0.530898 4.269109 1.191878 0.560384 0.783456 -1.191462 
-0.079629 0.060339 0.840554 -0.076864 -2.389667 1.191878 7.383401 -1.010376 0.230428 1.406508 
0.973925 0.265159 0.895467 1.059539 -0.201140 0.560384 -1.010376 5.734175 -0.357825 0.093977 
0.756121 -1.630487 -0.214426 -0.244129 0.761934 0.783456 0.230428 -0.357825 5.810177 0.337308 
-0.123488 -0.814669 0.988636 0.431653 0.564484 -1.191462 1.406508 0.093977 0.337308 5.968965 

1.000000 2.000000 3.000000 4.000000 5.000000 6.000000 7.000000 8.000000 9.000000 10.000000 
