15.724096 7.810206 5.814075 6.316269 4.534842 3.896579 4.050282 4.430779 5.780959 6.225694 
7.810206 11.785488 3.499645 4.514272 10.538710 3.669418 1.803943 4.908760 7.761758 6.284945 
5.814075 3.499645 7.879818 8.116714 7.941613 6.895072 4.105322 8.661955 6.290942 5.233137 
6.316269 4.514272 8.116714 27.612985 9.589008 16.312444 8.032945 17.492263 8.772100 7.790234 
4.534842 10.538710 7.941613 9.589008 23.113088 11.126925 7.598761 13.771027 12.288283 12.389279 
3.896579 3.669418 6.895072 16.312444 11.126925 19.683261 3.292025 12.847140 0.692714 8.339584 
4.050282 1.803943 4.105322 8.032945 7.598761 3.292025 17.531735 9.824287 3.591065 3.819882 
4.430779 4.908760 8.661955 17.492263 13.771027 12.847140 9.824287 17.637245 9.548845 8.493795 
5.780959 7.761758 6.290942 8.772100 12.288283 0.692714 3.591065 9.548845 18.559319 5.957215 
6.225694 6.284945 5.233137 7.790234 12.389279 8.339584 3.819882 8.493795 5.957215 9.562715 
273.614152