7.689179 -0.844720 1.158101 -1.757078 -0.140664 -1.117544 -0.861453 0.185143 1.574406 0.673642 
-0.844720 3.630619 -1.088205 -0.828377 -0.349564 -0.692758 -0.356251 -0.918456 -0.259116 -0.720873 
1.158101 -1.088205 4.866489 0.479640 -0.683313 0.832956 -1.067071 -1.328261 -0.801607 -1.543826 
-1.757078 -0.828377 0.479640 7.877943 -0.811993 -1.064547 0.610997 -1.007373 1.114935 -0.477520 
-0.140664 -0.349564 -0.683313 -0.811993 6.654317 -0.117792 0.534520 -0.535666 -1.288998 -0.822450 
-1.117544 -0.692758 0.832956 -1.064547 -0.117792 5.039441 0.051719 1.019534 0.155806 -0.425279 
-0.861453 -0.356251 -1.067071 0.610997 0.534520 0.051719 3.940730 0.724216 -0.200841 0.734557 
0.185143 -0.918456 -1.328261 -1.007373 -0.535666 1.019534 0.724216 5.308077 -0.166572 0.380164 
1.574406 -0.259116 -0.801607 1.114935 -1.288998 0.155806 -0.200841 -0.166572 4.534747 -0.189832 
0.673642 -0.720873 -1.543826 -0.477520 -0.822450 -0.425279 0.734557 0.380164 -0.189832 5.458457 

1.000000 2.000000 3.000000 4.000000 5.000000 6.000000 7.000000 8.000000 9.000000 10.000000 
