6.714045 -0.679716 0.665953 0.243091 1.337798 0.078050 0.675075 0.760743 -0.559310 -0.554071 
-0.679716 5.230748 0.425476 1.049490 -0.984776 -1.903551 1.052773 -0.515575 -0.331686 0.212827 
0.665953 0.425476 4.885403 -1.720602 0.140213 -0.248909 0.929718 -1.978446 0.011885 -0.519246 
0.243091 1.049490 -1.720602 6.918152 -0.076244 -0.109475 -0.236065 0.555571 1.756357 -0.499104 
1.337798 -0.984776 0.140213 -0.076244 6.824855 0.344191 0.193275 -1.569043 -0.316920 -0.309340 
0.078050 -1.903551 -0.248909 -0.109475 0.344191 5.742485 0.452881 0.961920 -0.186772 1.143822 
0.675075 1.052773 0.929718 -0.236065 0.193275 0.452881 5.321215 -0.131304 0.047102 0.614415 
0.760743 -0.515575 -1.978446 0.555571 -1.569043 0.961920 -0.131304 7.074465 -0.165935 -0.658407 
-0.559310 -0.331686 0.011885 1.756357 -0.316920 -0.186772 0.047102 -0.165935 4.120362 -0.919829 
-0.554071 0.212827 -0.519246 -0.499104 -0.309340 1.143822 0.614415 -0.658407 -0.919829 2.168269 

1.000000 2.000000 3.000000 4.000000 5.000000 6.000000 7.000000 8.000000 9.000000 10.000000 
