17.533697 12.301758 9.652790 13.139720 12.323157 13.940614 7.266052 12.224161 5.809581 10.341016 
12.301758 26.478258 15.878076 7.745732 16.578354 16.263727 7.006705 17.846754 13.983815 17.853001 
9.652790 15.878076 20.096264 8.321084 10.380852 18.297938 5.237370 10.346660 9.293302 10.391579 
13.139720 7.745732 8.321084 16.255212 11.697910 15.223882 4.430312 11.191205 5.842009 7.973845 
12.323157 16.578354 10.380852 11.697910 19.635307 16.687344 11.229405 13.173457 13.828000 17.183598 
13.940614 16.263727 18.297938 15.223882 16.687344 26.342738 13.123509 14.296694 11.972913 13.539787 
7.266052 7.006705 5.237370 4.430312 11.229405 13.123509 17.931161 6.270711 6.691578 12.833037 
12.224161 17.846754 10.346660 11.191205 13.173457 14.296694 6.270711 17.042218 7.682224 12.670048 
5.809581 13.983815 9.293302 5.842009 13.828000 11.972913 6.691578 7.682224 15.438370 12.744922 
10.341016 17.853001 10.391579 7.973845 17.183598 13.539787 12.833037 12.670048 12.744922 23.304098 
14251.255462