22.044317 11.082965 10.342620 8.330224 8.937821 9.132560 20.666098 15.932592 17.420968 21.309835 
11.082965 16.795210 5.176788 3.886217 2.683915 9.930466 9.551620 10.961938 13.055904 14.069052 
10.342620 5.176788 13.261385 4.898833 9.521978 1.066051 7.297439 5.851323 11.532407 14.131028 
8.330224 3.886217 4.898833 10.173848 5.589666 0.867373 7.896941 4.881852 2.300947 11.950647 
8.937821 2.683915 9.521978 5.589666 18.506188 2.166643 6.643712 9.350418 10.499522 17.132602 
9.132560 9.930466 1.066051 0.867373 2.166643 16.555747 13.362421 10.140587 6.232331 11.287169 
20.666098 9.551620 7.297439 7.896941 6.643712 13.362421 27.131830 19.399177 15.718194 25.274900 
15.932592 10.961938 5.851323 4.881852 9.350418 10.140587 19.399177 19.929900 18.933220 24.194990 
17.420968 13.055904 11.532407 2.300947 10.499522 6.232331 15.718194 18.933220 29.389287 23.833969 
21.309835 14.069052 14.131028 11.950647 17.132602 11.287169 25.274900 24.194990 23.833969 39.561786 
442.872069