15.969389 10.355738 2.636266 12.163506 13.910454 3.624050 8.163119 7.349224 -3.766659 10.351428 
10.355738 16.459118 6.835372 14.085484 15.332763 5.584111 7.500196 12.430173 5.642446 16.403909 
2.636266 6.835372 16.474029 8.340332 6.441841 0.105584 6.722598 6.511856 0.359713 5.785501 
12.163506 14.085484 8.340332 27.366521 23.261597 11.592857 9.504328 6.851668 9.083392 13.164629 
13.910454 15.332763 6.441841 23.261597 23.312721 11.999088 7.009032 8.915299 6.853559 16.282241 
3.624050 5.584111 0.105584 11.592857 11.999088 11.355768 -2.361714 0.737126 10.050625 7.114124 
8.163119 7.500196 6.722598 9.504328 7.009032 -2.361714 15.235952 8.718371 -2.006645 6.242937 
7.349224 12.430173 6.511856 6.851668 8.915299 0.737126 8.718371 12.706992 0.819816 12.817894 
-3.766659 5.642446 0.359713 9.083392 6.853559 10.050625 -2.006645 0.819816 19.721334 7.920328 
10.351428 16.403909 5.785501 13.164629 16.282241 7.114124 6.242937 12.817894 7.920328 20.834276 
8983.597891