8.936543 7.020362 10.276975 7.202044 7.984955 12.309808 8.959749 2.537585 6.056257 12.432766 
7.020362 20.290283 10.194193 6.077628 8.712022 18.117433 16.299949 8.551237 9.396063 15.252613 
10.276975 10.194193 30.419555 11.484463 17.857984 15.414136 13.753790 6.517610 6.391958 17.409692 
7.202044 6.077628 11.484463 12.981527 9.091718 9.838261 8.940838 2.546981 -0.340032 10.328174 
7.984955 8.712022 17.857984 9.091718 17.534758 16.992326 9.544472 3.145750 5.281533 11.369427 
12.309808 18.117433 15.414136 9.838261 16.992326 31.939090 21.115858 8.651574 12.175449 18.337440 
8.959749 16.299949 13.753790 8.940838 9.544472 21.115858 19.353112 8.327518 8.447033 17.400971 
2.537585 8.551237 6.517610 2.546981 3.145750 8.651574 8.327518 11.387252 3.735475 11.417187 
6.056257 9.396063 6.391958 -0.340032 5.281533 12.175449 8.447033 3.735475 9.835076 10.214588 
12.432766 15.252613 17.409692 10.328174 11.369427 18.337440 17.400971 11.417187 10.214588 30.559569 
12770.586991