13.947167 9.320719 12.577383 9.732333 14.798412 4.884904 8.476802 10.764120 -0.747673 -1.220220 
9.320719 24.576076 16.660987 17.278626 17.424890 7.126322 13.021485 15.324479 3.013284 1.924472 
12.577383 16.660987 20.172524 15.529141 23.345126 3.596792 12.765560 16.085336 6.334185 1.396288 
9.732333 17.278626 15.529141 18.553039 17.912235 4.363949 15.468134 12.306596 2.349017 5.087687 
14.798412 17.424890 23.345126 17.912235 33.703500 3.823302 12.091475 18.097555 12.046436 1.159927 
4.884904 7.126322 3.596792 4.363949 3.823302 9.649772 3.573088 4.150994 -1.684571 -1.428277 
8.476802 13.021485 12.765560 15.468134 12.091475 3.573088 21.329431 12.047666 0.459699 0.489111 
10.764120 15.324479 16.085336 12.306596 18.097555 4.150994 12.047666 16.029325 4.685071 0.106134 
-0.747673 3.013284 6.334185 2.349017 12.046436 -1.684571 0.459699 4.685071 10.905312 0.630027 
-1.220220 1.924472 1.396288 5.087687 1.159927 -1.428277 0.489111 0.106134 0.630027 10.892674 
986.762481