7.435363 -1.335603 0.157989 0.266612 -0.446795 0.281979 0.235293 -0.965544 -0.865406 -0.477991 
-1.335603 6.391408 0.028068 -0.906694 0.020305 -2.097060 -0.812537 -0.875434 -0.700742 0.418014 
0.157989 0.028068 4.461500 0.635871 -0.541569 0.824230 0.844181 -1.185411 0.090614 -1.342590 
0.266612 -0.906694 0.635871 6.557120 0.913279 -0.712360 0.539779 1.324525 1.428360 -1.623460 
-0.446795 0.020305 -0.541569 0.913279 6.229144 0.839176 0.663740 -0.330537 -1.365223 -0.769415 
0.281979 -2.097060 0.824230 -0.712360 0.839176 4.494553 -0.717398 -0.895487 1.146780 0.936943 
0.235293 -0.812537 0.844181 0.539779 0.663740 -0.717398 4.718884 0.050811 -0.420793 -0.617589 
-0.965544 -0.875434 -1.185411 1.324525 -0.330537 -0.895487 0.050811 5.578052 1.505659 -0.995275 
-0.865406 -0.700742 0.090614 1.428360 -1.365223 1.146780 -0.420793 1.505659 4.327934 0.175306 
-0.477991 0.418014 -1.342590 -1.623460 -0.769415 0.936943 -0.617589 -0.995275 0.175306 4.806042 

1.000000 2.000000 3.000000 4.000000 5.000000 6.000000 7.000000 8.000000 9.000000 10.000000 
