28.045521 10.130125 9.866689 14.980135 4.087428 12.503954 7.645832 19.428401 15.549274 9.070671 
10.130125 13.490018 12.669803 10.503744 3.610415 11.832199 11.924869 11.343651 11.522364 5.384434 
9.866689 12.669803 15.076369 10.390481 8.744333 12.088393 15.939380 11.287855 10.269760 5.675495 
14.980135 10.503744 10.390481 16.597620 8.075931 12.862133 6.642563 10.242958 11.818783 7.874993 
4.087428 3.610415 8.744333 8.075931 27.112519 17.551277 13.942509 3.516723 4.068902 9.462831 
12.503954 11.832199 12.088393 12.862133 17.551277 26.664827 15.265497 11.818004 12.063805 15.801243 
7.645832 11.924869 15.939380 6.642563 13.942509 15.265497 28.551259 8.510535 12.754081 8.603830 
19.428401 11.343651 11.287855 10.242958 3.516723 11.818004 8.510535 17.625159 11.820879 6.224122 
15.549274 11.522364 10.269760 11.818783 4.068902 12.063805 12.754081 11.820879 15.157548 6.825369 
9.070671 5.384434 5.675495 7.874993 9.462831 15.801243 8.603830 6.224122 6.825369 13.920610 
102521.898432