27.143551 20.992072 20.819737 16.635422 5.443344 19.635590 12.410838 13.121209 6.783059 15.385475 
20.992072 27.353032 13.340318 12.488548 1.458769 14.632678 7.642718 9.711139 3.757099 12.619536 
20.819737 13.340318 26.099776 20.190407 8.765804 19.514984 9.625004 16.507497 8.247364 18.685581 
16.635422 12.488548 20.190407 25.789805 4.135600 17.934365 3.361705 13.066724 3.762368 14.709102 
5.443344 1.458769 8.765804 4.135600 11.647662 7.815989 5.739536 6.386004 3.681447 5.163131 
19.635590 14.632678 19.514984 17.934365 7.815989 21.972929 8.284984 13.945049 8.087893 15.235131 
12.410838 7.642718 9.625004 3.361705 5.739536 8.284984 13.006039 7.780384 4.358873 7.882299 
13.121209 9.711139 16.507497 13.066724 6.386004 13.945049 7.780384 13.808537 5.945495 12.626324 
6.783059 3.757099 8.247364 3.762368 3.681447 8.087893 4.358873 5.945495 4.848550 7.168544 
15.385475 12.619536 18.685581 14.709102 5.163131 15.235131 7.882299 12.626324 7.168544 18.575910 
18390.999051