5.530150 -0.177322 0.414979 0.144323 1.800009 -1.859488 0.599633 -0.480668 0.790166 1.240390 
-0.177322 6.265697 1.605757 0.169658 -0.957271 -0.836942 -0.905436 0.109459 -0.392364 -1.456022 
0.414979 1.605757 6.696238 0.787135 0.880301 -1.286052 0.468579 0.205085 -1.598043 -0.574651 
0.144323 0.169658 0.787135 5.315787 0.236635 -1.388331 -0.484790 -0.375830 -0.659120 -0.868543 
1.800009 -0.957271 0.880301 0.236635 4.214401 0.043070 2.015413 -0.674223 0.351858 -1.005830 
-1.859488 -0.836942 -1.286052 -1.388331 0.043070 4.657596 1.094196 0.182382 0.364974 -1.286785 
0.599633 -0.905436 0.468579 -0.484790 2.015413 1.094196 5.775474 0.706880 -0.765754 0.682742 
-0.480668 0.109459 0.205085 -0.375830 -0.674223 0.182382 0.706880 6.144618 -0.347856 0.684939 
0.790166 -0.392364 -1.598043 -0.659120 0.351858 0.364974 -0.765754 -0.347856 6.205768 -0.362855 
1.240390 -1.456022 -0.574651 -0.868543 -1.005830 -1.286785 0.682742 0.684939 -0.362855 4.194272 

1.000000 2.000000 3.000000 4.000000 5.000000 6.000000 7.000000 8.000000 9.000000 10.000000 
