16.309121 5.564032 10.027737 7.476663 13.069974 15.359936 2.476872 6.679006 8.588650 9.756460 
5.564032 24.559926 11.169955 13.284999 11.182817 5.866605 8.964361 6.424153 8.896667 13.198536 
10.027737 11.169955 29.496444 16.386182 14.895134 19.872894 7.039736 15.598293 11.915167 4.985925 
7.476663 13.284999 16.386182 17.528462 14.779825 14.412565 10.944876 12.752981 12.523183 11.207697 
13.069974 11.182817 14.895134 14.779825 19.775226 19.124022 8.099806 14.268368 13.687454 17.190593 
15.359936 5.866605 19.872894 14.412565 19.124022 27.019012 7.051738 17.642818 14.635215 14.098418 
2.476872 8.964361 7.039736 10.944876 8.099806 7.051738 16.649660 11.326606 10.668296 10.833821 
6.679006 6.424153 15.598293 12.752981 14.268368 17.642818 11.326606 21.075221 13.585634 13.547044 
8.588650 8.896667 11.915167 12.523183 13.687454 14.635215 10.668296 13.585634 14.443007 14.707089 
9.756460 13.198536 4.985925 11.207697 17.190593 14.098418 10.833821 13.547044 14.707089 24.943536 
263.813329