[[ 5.62217864e+17  4.05354055e+16 -6.70383248e+16 -4.19940916e+16
   1.81978945e+17 -2.41297492e+17  1.88422737e+16 -8.86626073e+16
  -2.13970156e+17 -1.82032265e+17]
 [ 4.05354055e+16  3.47331594e+17  3.75499066e+15 -1.46719054e+17
  -1.34948300e+17 -2.83586464e+16 -1.69224503e+16  1.95707265e+16
  -2.58023061e+16 -4.32476732e+16]
 [-6.70383248e+16  3.75499066e+15  5.44130463e+17 -4.45336470e+16
  -1.93022556e+17 -6.44509904e+16  3.88523834e+16 -1.34683191e+17
  -1.15768055e+17  7.50513489e+15]
 [-4.19940916e+16 -1.46719054e+17 -4.45336470e+16  5.00063712e+17
   1.41585672e+16  8.42194274e+16 -7.34932276e+16  5.49287271e+16
  -1.06403763e+17 -2.14446871e+17]
 [ 1.81978945e+17 -1.34948300e+17 -1.93022556e+17  1.41585672e+16
   4.05732368e+17 -5.15730552e+16 -9.26985389e+16 -8.12093811e+16
  -8.13996611e+15 -6.77894361e+16]
 [-2.41297492e+17 -2.83586464e+16 -6.44509904e+16  8.42194274e+16
  -5.15730552e+16  4.48247024e+17 -8.02938263e+16 -1.74413292e+16
  -1.32801400e+17  8.92223628e+16]
 [ 1.88422737e+16 -1.69224503e+16  3.88523834e+16 -7.34932276e+16
  -9.26985389e+16 -8.02938263e+16  4.78313401e+17 -1.52229692e+17
  -5.52531713e+16 -4.13427611e+16]
 [-8.86626073e+16  1.95707265e+16 -1.34683191e+17  5.49287271e+16
  -8.12093811e+16 -1.74413292e+16 -1.52229692e+17  5.45563950e+17
   2.32767011e+16 -1.29825561e+17]
 [-2.13970156e+17 -2.58023061e+16 -1.15768055e+17 -1.06403763e+17
  -8.13996611e+15 -1.32801400e+17 -5.52531713e+16  2.32767011e+16
   6.03560449e+17  1.80155161e+16]
 [-1.82032265e+17 -4.32476732e+16  7.50513489e+15 -2.14446871e+17
  -6.77894361e+16  8.92223628e+16 -4.13427611e+16 -1.29825561e+17
   1.80155161e+16  5.64839175e+17]]
