[[ 6.60628247e+13 -1.62832617e+13 -5.03919451e+12 -1.86443745e+13
  -6.05395137e+12  2.75393095e+12 -8.95318826e+12 -1.30920414e+13
  -8.10854686e+12  5.30520629e+12]
 [-1.62832617e+13  6.90770450e+13 -8.88673474e+11  1.16148911e+13
  -1.17643930e+13 -4.30411637e+12 -1.97954905e+13 -6.41799236e+12
  -1.12142903e+13 -7.22503971e+12]
 [-5.03919451e+12 -8.88673474e+11  3.40718596e+13  3.27361725e+12
   5.74340741e+12 -9.38597301e+12 -1.79193096e+13 -5.53101598e+12
  -1.86241784e+12 -3.43693524e+12]
 [-1.86443745e+13  1.16148911e+13  3.27361725e+12  3.55311975e+13
  -9.48364615e+12 -1.43153461e+13 -9.92731249e+12 -9.67104030e+12
   8.82528341e+12  1.34922749e+12]
 [-6.05395137e+12 -1.17643930e+13  5.74340741e+12 -9.48364615e+12
   6.51776575e+13 -1.95109224e+13  3.14648661e+12  6.83531003e+11
  -1.39570332e+13 -1.16118888e+13]
 [ 2.75393095e+12 -4.30411637e+12 -9.38597301e+12 -1.43153461e+13
  -1.95109224e+13  4.91141318e+13 -3.95442061e+12  4.39203741e+12
  -6.86527234e+12  4.45975041e+12]
 [-8.95318826e+12 -1.97954905e+13 -1.79193096e+13 -9.92731249e+12
   3.14648661e+12 -3.95442061e+12  4.85414688e+13 -2.20558200e+12
   6.92765204e+12  3.00588423e+12]
 [-1.30920414e+13 -6.41799236e+12 -5.53101598e+12 -9.67104030e+12
   6.83531003e+11  4.39203741e+12 -2.20558200e+12  4.75947272e+13
  -4.36685801e+12 -1.18504075e+13]
 [-8.10854686e+12 -1.12142903e+13 -1.86241784e+12  8.82528341e+12
  -1.39570332e+13 -6.86527234e+12  6.92765204e+12 -4.36685801e+12
   4.76496631e+13 -1.74554032e+13]
 [ 5.30520629e+12 -7.22503971e+12 -3.43693524e+12  1.34922749e+12
  -1.16118888e+13  4.45975041e+12  3.00588423e+12 -1.18504075e+13
  -1.74554032e+13  3.71794247e+13]]
