[[ 36952808.05345004  -6247096.21793246  -6417752.11530923
    1572886.07011157   3330387.37468467   -959371.18494661
   -4310802.66158505 -10620138.05954586  -2675321.00904838
  -11013397.01069992]
 [ -6247096.21793246  50936134.04986557 -17579948.85287626
   -8930862.35249678  10670317.83859228  -5714929.09769937
  -17403579.85407109  -7432552.75056027   1530539.92042782
    1597994.85501123]
 [ -6417752.11530923 -17579948.85287626  47902951.5430951
   15825336.16541043  -8555688.68054459  -6044483.84185
  -11466772.0797742      82850.20993139 -15391115.25471726
     895965.72085322]
 [  1572886.07011157  -8930862.35249678  15825336.16541043
   45552737.3918011    5982684.6652683  -10943682.29517213
   -9085838.00820208 -17608049.34759204 -20675935.20666685
   -2893824.55654176]
 [  3330387.37468467  10670317.83859228  -8555688.68054459
    5982684.6652683   41487508.00016871 -11200389.87975137
    1482180.0341713    3248905.60778552 -21312458.24175429
  -23469882.16281113]
 [  -959371.1849466   -5714929.09769937  -6044483.84185
  -10943682.29517213 -11200389.87975136  50649383.46516461
    3251591.32547896  -6610125.8571179  -12825548.54064269
    1515308.85265051]
 [ -4310802.66158505 -17403579.85407109 -11466772.0797742
   -9085838.00820208   1482180.03417129   3251591.32547896
   59684200.44231707  -4375597.34847656   2035218.59347726
  -17555665.20683468]
 [-10620138.05954586  -7432552.75056027     82850.2099314
  -17608049.34759204   3248905.60778552  -6610125.8571179
   -4375597.34847656  43424406.52029726   5184433.87138627
   -5912663.67391565]
 [ -2675321.00904838   1530539.92042782 -15391115.25471726
  -20675935.20666685 -21312458.24175429 -12825548.54064269
    2035218.59347726   5184433.87138627  66306793.43197533
   -2813608.48124679]
 [-11013397.01069992   1597994.85501123    895965.72085322
   -2893824.55654176 -23469882.16281113   1515308.85265051
  -17555665.20683469  -5912663.67391565  -2813608.48124679
   57103082.10186522]]
