[[ 1.00000000e+00  1.07555529e-16 -1.31465825e-16  2.25572509e-18
   1.50893207e-16 -1.16999035e-16  2.26925659e-17 -4.05023796e-17
  -1.98818454e-16  3.02181124e-17]
 [ 1.07555529e-16  1.00000000e+00  1.15830012e-16 -8.38261675e-17
  -9.78245751e-17  1.50786968e-16  2.66532774e-16  1.74642674e-16
   7.84376933e-17  2.25288627e-18]
 [-1.31465825e-16  1.15830012e-16  1.00000000e+00  1.71487641e-16
  -6.87458446e-17 -1.56427884e-17 -4.00843578e-16  5.72092040e-17
   1.28787516e-16  3.08124453e-17]
 [ 2.25572509e-18 -8.38261675e-17  1.71487641e-16  1.00000000e+00
  -5.94426983e-17  2.09932490e-17  5.24254961e-17 -3.16945760e-17
   8.15726360e-17 -2.27640570e-17]
 [ 1.50893207e-16 -9.78245751e-17 -6.87458446e-17 -5.94426983e-17
   1.00000000e+00  9.67941512e-18  1.60302263e-16  9.09855329e-18
  -1.57552962e-17 -6.34844384e-18]
 [-1.16999035e-16  1.50786968e-16 -1.56427884e-17  2.09932490e-17
   9.67941512e-18  1.00000000e+00 -4.10823534e-17 -3.44988486e-17
   5.81186491e-17 -4.95711030e-18]
 [ 2.26925659e-17  2.66532774e-16 -4.00843578e-16  5.24254961e-17
   1.60302263e-16 -4.10823534e-17  1.00000000e+00  1.53182034e-16
   8.25816009e-17  5.93468860e-17]
 [-4.05023796e-17  1.74642674e-16  5.72092040e-17 -3.16945760e-17
   9.09855329e-18 -3.44988486e-17  1.53182034e-16  1.00000000e+00
  -9.58892976e-17  1.59441585e-17]
 [-1.98818454e-16  7.84376933e-17  1.28787516e-16  8.15726360e-17
  -1.57552962e-17  5.81186491e-17  8.25816009e-17 -9.58892976e-17
   1.00000000e+00 -5.62642731e-18]
 [ 3.02181124e-17  2.25288627e-18  3.08124453e-17 -2.27640570e-17
  -6.34844384e-18 -4.95711030e-18  5.93468860e-17  1.59441585e-17
  -5.62642731e-18  1.00000000e+00]]
