[[ 6.18991216e+10 -1.40926413e+09 -1.06175384e+09 -2.30563213e+09
  -4.57094036e+08 -1.32633060e+10 -4.23791721e+09 -1.82019606e+10
  -1.32233562e+10 -7.79452710e+09]
 [-1.40926413e+09  4.97052857e+10 -7.28320188e+09 -8.41706855e+09
  -6.03453366e+09  3.17972452e+09 -1.66365775e+10  1.00232850e+10
  -1.33563541e+10 -9.55968860e+09]
 [-1.06175384e+09 -7.28320188e+09  7.31805382e+10 -6.52188069e+09
  -2.35699987e+10  2.30357038e+09 -4.68810818e+09 -1.19938694e+10
  -5.31875192e+09 -1.43885986e+10]
 [-2.30563213e+09 -8.41706855e+09 -6.52188069e+09  3.35712461e+10
  -1.23251802e+10 -6.77744230e+09  1.57945915e+09 -9.78525926e+09
   7.41986362e+09  2.15937416e+09]
 [-4.57094036e+08 -6.03453366e+09 -2.35699987e+10 -1.23251802e+10
   4.46827227e+10 -2.09092683e+10  2.82092420e+09  7.70120535e+09
   5.72656919e+09  3.04587473e+09]
 [-1.32633060e+10  3.17972452e+09  2.30357038e+09 -6.77744230e+09
  -2.09092683e+10  4.41496645e+10  1.95773718e+09 -3.71571061e+09
  -2.82851950e+09 -6.59584265e+09]
 [-4.23791721e+09 -1.66365775e+10 -4.68810818e+09  1.57945915e+09
   2.82092420e+09  1.95773718e+09  5.01700111e+10 -1.28992421e+10
  -1.26578879e+10 -2.24753886e+09]
 [-1.82019606e+10  1.00232850e+10 -1.19938694e+10 -9.78525926e+09
   7.70120535e+09 -3.71571061e+09 -1.28992421e+10  5.02774384e+10
  -2.07309688e+10  7.21802965e+09]
 [-1.32233562e+10 -1.33563541e+10 -5.31875192e+09  7.41986362e+09
   5.72656919e+09 -2.82851950e+09 -1.26578879e+10 -2.07309688e+10
   5.97326777e+10 -3.49197915e+09]
 [-7.79452710e+09 -9.55968860e+09 -1.43885986e+10  2.15937416e+09
   3.04587473e+09 -6.59584265e+09 -2.24753886e+09  7.21802965e+09
  -3.49197915e+09  3.26312940e+10]]
