[[ 3.70690859e+16 -1.75557977e+15  8.12675032e+15 -8.89403208e+15
  -1.39685636e+16  9.66364835e+14 -2.19299354e+15 -9.65452834e+15
  -9.08776210e+15  3.51179769e+14]
 [-1.75557977e+15  7.04324481e+16  8.40096542e+14 -1.38819474e+16
  -4.35878994e+15 -1.41442069e+16 -1.30938433e+16 -2.04726986e+15
  -1.00390123e+16 -1.26066206e+16]
 [ 8.12675032e+15  8.40096542e+14  5.86443358e+16  2.33737238e+15
  -1.59707630e+16 -1.17790054e+16 -1.55497280e+16 -1.24513551e+16
   9.48531111e+15 -2.31272856e+16]
 [-8.89403208e+15 -1.38819474e+16  2.33737238e+15  2.59575482e+16
  -9.14784459e+15  4.74762432e+14  4.83641294e+15  7.59091955e+15
  -8.41421424e+15 -3.17182823e+15]
 [-1.39685636e+16 -4.35878994e+15 -1.59707630e+16 -9.14784459e+15
   4.79010191e+16  1.60140781e+15 -1.12675748e+16  3.50728394e+15
   1.40272760e+15  3.30063006e+15]
 [ 9.66364835e+14 -1.41442069e+16 -1.17790054e+16  4.74762432e+14
   1.60140781e+15  5.28883045e+16 -9.58994865e+15 -1.43449818e+16
   2.44190605e+15 -9.29785437e+15]
 [-2.19299354e+15 -1.30938433e+16 -1.55497280e+16  4.83641294e+15
  -1.12675748e+16 -9.58994865e+15  6.06056036e+16 -1.18311969e+16
  -1.14041635e+16  7.92363334e+15]
 [-9.65452834e+15 -2.04726986e+15 -1.24513551e+16  7.59091955e+15
   3.50728394e+15 -1.43449818e+16 -1.18311969e+16  5.92259045e+16
  -1.96308344e+16  1.15651090e+15]
 [-9.08776210e+15 -1.00390123e+16  9.48531111e+15 -8.41421424e+15
   1.40272760e+15  2.44190605e+15 -1.14041635e+16 -1.96308344e+16
   4.72775552e+16 -3.32236605e+15]
 [ 3.51179769e+14 -1.26066206e+16 -2.31272856e+16 -3.17182823e+15
   3.30063006e+15 -9.29785437e+15  7.92363334e+15  1.15651090e+15
  -3.32236605e+15  3.99981950e+16]]
