5.724111 1.552338 0.062335 -1.085986 0.112354 -1.388882 1.455915 -0.013483 0.712137 -0.150413 
1.552338 3.442586 -0.720690 -1.002667 0.432306 1.657809 -0.603439 1.773412 -0.078346 0.545396 
0.062335 -0.720690 8.385910 1.353898 0.168892 0.012210 -0.055671 -0.720938 0.017849 -0.171981 
-1.085986 -1.002667 1.353898 5.999436 0.683802 0.067113 0.635015 -0.539937 -1.060546 0.895096 
0.112354 0.432306 0.168892 0.683802 4.146735 -0.563431 -0.163444 0.826801 1.102624 0.088701 
-1.388882 1.657809 0.012210 0.067113 -0.563431 6.318129 0.231663 0.539293 -1.027199 0.664047 
1.455915 -0.603439 -0.055671 0.635015 -0.163444 0.231663 6.635774 -0.875970 0.079776 -1.629089 
-0.013483 1.773412 -0.720938 -0.539937 0.826801 0.539293 -0.875970 4.568319 1.208169 0.634459 
0.712137 -0.078346 0.017849 -1.060546 1.102624 -1.027199 0.079776 1.208169 5.518556 0.612891 
-0.150413 0.545396 -0.171981 0.895096 0.088701 0.664047 -1.629089 0.634459 0.612891 4.260443 

1.000000 2.000000 3.000000 4.000000 5.000000 6.000000 7.000000 8.000000 9.000000 10.000000 
