4.877345 -0.492007 -1.077007 0.082765 -0.640840 0.820908 -0.022936 0.399605 1.209406 -1.087602 
-0.492007 3.923334 0.420028 -0.210194 0.520696 0.515017 -0.143969 -0.307726 -0.354625 -1.575305 
-1.077007 0.420028 4.989062 -1.131650 -0.831210 -0.253567 -0.052166 1.448595 -1.820717 0.153051 
0.082765 -0.210194 -1.131650 6.551882 -1.185993 -0.334504 0.155846 1.127308 -0.170779 -0.317038 
-0.640840 0.520696 -0.831210 -1.185993 7.064987 -0.310239 -1.732956 1.521520 -0.543260 -0.036022 
0.820908 0.515017 -0.253567 -0.334504 -0.310239 4.735884 -0.053059 0.489214 -1.976614 0.338316 
-0.022936 -0.143969 -0.052166 0.155846 -1.732956 -0.053059 4.145858 0.210384 -0.542592 -1.361194 
0.399605 -0.307726 1.448595 1.127308 1.521520 0.489214 0.210384 4.321224 -1.157432 -0.439957 
1.209406 -0.354625 -1.820717 -0.170779 -0.543260 -1.976614 -0.542592 -1.157432 7.224146 0.479547 
-1.087602 -1.575305 0.153051 -0.317038 -0.036022 0.338316 -1.361194 -0.439957 0.479547 7.166278 

1.000000 2.000000 3.000000 4.000000 5.000000 6.000000 7.000000 8.000000 9.000000 10.000000 
