7.353396 0.081930 -0.429260 1.609916 -0.168132 0.114236 0.944743 1.781737 -0.229235 0.585943 
0.081930 5.135637 -1.471795 0.510801 -1.374132 0.397587 -0.095449 0.314268 1.860518 -0.431041 
-0.429260 -1.471795 6.462907 0.084490 -0.415403 0.266806 1.817290 0.053070 0.427368 -1.561459 
1.609916 0.510801 0.084490 6.422235 -0.471774 1.265411 -0.181174 0.963829 0.442591 -0.590136 
-0.168132 -1.374132 -0.415403 -0.471774 5.092252 0.333312 -1.450915 0.361942 0.313026 -0.719150 
0.114236 0.397587 0.266806 1.265411 0.333312 5.778128 0.548148 -0.993892 0.673351 -1.219282 
0.944743 -0.095449 1.817290 -0.181174 -1.450915 0.548148 5.593110 0.138308 0.060182 -0.644612 
1.781737 0.314268 0.053070 0.963829 0.361942 -0.993892 0.138308 3.012384 0.716715 -1.537675 
-0.229235 1.860518 0.427368 0.442591 0.313026 0.673351 0.060182 0.716715 5.072558 -0.804123 
0.585943 -0.431041 -1.561459 -0.590136 -0.719150 -1.219282 -0.644612 -1.537675 -0.804123 5.077395 

1.000000 2.000000 3.000000 4.000000 5.000000 6.000000 7.000000 8.000000 9.000000 10.000000 
