6.030004 1.639126 0.232684 0.205598 0.733670 -0.888289 0.537756 1.177579 2.301999 1.025858 
1.639126 5.914063 -0.743612 0.556294 0.904615 0.749963 0.062105 -0.950269 0.392352 -1.492740 
0.232684 -0.743612 6.300589 -0.100516 -0.862335 -0.585411 0.970977 -1.185325 0.207752 0.440073 
0.205598 0.556294 -0.100516 6.462004 0.311143 0.061526 1.826061 -0.574808 1.240422 -0.981077 
0.733670 0.904615 -0.862335 0.311143 5.396813 -1.509433 -0.022036 0.061641 -0.898302 0.273776 
-0.888289 0.749963 -0.585411 0.061526 -1.509433 5.881035 -0.347908 -0.321226 -0.050407 -0.814566 
0.537756 0.062105 0.970977 1.826061 -0.022036 -0.347908 4.590404 0.013585 0.110762 -1.394053 
1.177579 -0.950269 -1.185325 -0.574808 0.061641 -0.321226 0.013585 4.421757 -1.603595 1.638508 
2.301999 0.392352 0.207752 1.240422 -0.898302 -0.050407 0.110762 -1.603595 4.945466 0.177165 
1.025858 -1.492740 0.440073 -0.981077 0.273776 -0.814566 -1.394053 1.638508 0.177165 5.057865 

1.000000 2.000000 3.000000 4.000000 5.000000 6.000000 7.000000 8.000000 9.000000 10.000000 
