6.818744 -0.769949 1.084627 0.435806 -0.145364 -0.019805 0.640617 -0.980663 -0.302771 -0.505027 
-0.769949 5.134996 -1.598762 1.036126 -0.881465 -0.304378 0.555428 1.896144 -0.262523 -0.274748 
1.084627 -1.598762 4.603381 -0.554574 -1.202408 0.712642 -0.016173 0.459594 -0.629439 1.729008 
0.435806 1.036126 -0.554574 5.961641 -0.678835 -0.757315 -0.941512 -1.131492 -0.310521 1.561524 
-0.145364 -0.881465 -1.202408 -0.678835 4.072010 -0.932856 1.369102 -1.005868 1.426380 -0.408390 
-0.019805 -0.304378 0.712642 -0.757315 -0.932856 7.046445 -1.075472 0.064951 -0.008268 0.757961 
0.640617 0.555428 -0.016173 -0.941512 1.369102 -1.075472 4.971816 -0.321669 -0.605468 -1.162347 
-0.980663 1.896144 0.459594 -1.131492 -1.005868 0.064951 -0.321669 6.299395 -0.205302 0.703651 
-0.302771 -0.262523 -0.629439 -0.310521 1.426380 -0.008268 -0.605468 -0.205302 4.727977 -1.711991 
-0.505027 -0.274748 1.729008 1.561524 -0.408390 0.757961 -1.162347 0.703651 -1.711991 5.363593 

1.000000 2.000000 3.000000 4.000000 5.000000 6.000000 7.000000 8.000000 9.000000 10.000000 
