4.870873 1.204862 0.670005 -0.309064 -0.958259 1.436855 0.895804 -0.747320 -0.614298 0.997914 
1.204862 5.985125 -0.801548 -0.043338 -0.034609 0.824941 0.303891 -1.426424 0.548887 -0.100170 
0.670005 -0.801548 5.645319 -0.208044 -0.107992 0.243920 -0.296283 -0.066635 1.410710 1.928248 
-0.309064 -0.043338 -0.208044 6.817690 1.002508 1.086924 -1.011200 -0.436396 -1.022030 -0.108275 
-0.958259 -0.034609 -0.107992 1.002508 6.090273 1.173714 1.662604 -1.075701 0.809337 1.894280 
1.436855 0.824941 0.243920 1.086924 1.173714 4.488638 0.185595 -0.714422 1.105432 0.967280 
0.895804 0.303891 -0.296283 -1.011200 1.662604 0.185595 4.708788 -1.352287 -0.642857 -1.341217 
-0.747320 -1.426424 -0.066635 -0.436396 -1.075701 -0.714422 -1.352287 5.151344 -0.263483 0.625757 
-0.614298 0.548887 1.410710 -1.022030 0.809337 1.105432 -0.642857 -0.263483 5.766598 0.604815 
0.997914 -0.100170 1.928248 -0.108275 1.894280 0.967280 -1.341217 0.625757 0.604815 5.475352 

1.000000 2.000000 3.000000 4.000000 5.000000 6.000000 7.000000 8.000000 9.000000 10.000000 
