14.317780 10.794205 3.809327 7.493036 9.933574 3.331603 7.720987 10.973655 12.962640 13.723917 
10.794205 16.207016 1.720562 4.844361 8.749186 3.152980 8.302914 10.411229 8.801536 11.164602 
3.809327 1.720562 14.646609 -1.188241 7.904647 1.494967 5.625239 1.344302 -3.074893 2.329164 
7.493036 4.844361 -1.188241 18.049210 8.015417 4.916352 10.040009 5.024581 9.423807 8.559472 
9.933574 8.749186 7.904647 8.015417 16.150126 3.545409 4.355934 4.253582 5.314045 10.218908 
3.331603 3.152980 1.494967 4.916352 3.545409 10.918139 6.508412 2.657978 0.302118 4.305192 
7.720987 8.302914 5.625239 10.040009 4.355934 6.508412 20.447346 8.678690 8.829637 8.450037 
10.973655 10.411229 1.344302 5.024581 4.253582 2.657978 8.678690 13.179790 10.917076 12.605294 
12.962640 8.801536 -3.074893 9.423807 5.314045 0.302118 8.829637 10.917076 23.330887 12.559750 
13.723917 11.164602 2.329164 8.559472 10.218908 4.305192 8.450037 12.605294 12.559750 16.187590 
787.176186