26.312848 17.079431 9.057157 10.387210 19.412289 11.117012 -2.750740 15.820955 13.065357 1.532389 
17.079431 25.907748 1.191832 -1.364803 12.321947 11.479985 -1.714640 12.397539 5.656566 1.571239 
9.057157 1.191832 18.392706 13.245157 13.226938 5.868044 4.459564 10.852407 16.989252 3.235736 
10.387210 -1.364803 13.245157 18.776600 14.404107 4.223514 7.552803 13.020885 17.601237 7.481214 
19.412289 12.321947 13.226938 14.404107 21.714559 7.763834 1.156138 13.811550 16.728381 3.229084 
11.117012 11.479985 5.868044 4.223514 7.763834 11.364488 2.344692 15.256953 9.410084 3.154573 
-2.750740 -1.714640 4.459564 7.552803 1.156138 2.344692 13.271477 7.632904 9.590378 12.316194 
15.820955 12.397539 10.852407 13.020885 13.811550 15.256953 7.632904 26.417067 15.305858 7.637557 
13.065357 5.656566 16.989252 17.601237 16.728381 9.410084 9.590378 15.305858 26.247065 10.322875 
1.532389 1.571239 3.235736 7.481214 3.229084 3.154573 12.316194 7.637557 10.322875 13.079121 
178731.787487