4.277797 0.694486 0.791892 0.182289 0.563839 0.119968 0.630772 0.369343 -0.227579 -0.755727 
0.694486 5.658416 -0.777735 0.344537 0.753977 0.517212 0.602394 0.618035 0.800850 1.973020 
0.791892 -0.777735 6.364810 0.656553 0.321234 -0.353267 -0.715941 2.199080 1.159835 -0.043925 
0.182289 0.344537 0.656553 6.057859 1.299358 0.996359 0.564983 -1.418907 -0.636472 -0.316035 
0.563839 0.753977 0.321234 1.299358 8.158146 1.034146 0.033353 0.414792 0.578440 -0.962796 
0.119968 0.517212 -0.353267 0.996359 1.034146 3.490340 -0.181998 -1.609226 0.534218 -0.212226 
0.630772 0.602394 -0.715941 0.564983 0.033353 -0.181998 5.221242 0.257605 1.339608 -0.735242 
0.369343 0.618035 2.199080 -1.418907 0.414792 -1.609226 0.257605 3.761484 1.405380 -0.156276 
-0.227579 0.800850 1.159835 -0.636472 0.578440 0.534218 1.339608 1.405380 5.851732 -0.614742 
-0.755727 1.973020 -0.043925 -0.316035 -0.962796 -0.212226 -0.735242 -0.156276 -0.614742 6.158174 

1.000000 2.000000 3.000000 4.000000 5.000000 6.000000 7.000000 8.000000 9.000000 10.000000 
