10.665069 6.520678 11.131283 4.555389 6.724762 7.892249 2.040168 7.048041 8.286219 4.279252 
6.520678 22.348575 13.399256 7.294256 7.262980 10.222629 14.827591 16.634876 16.081139 12.974426 
11.131283 13.399256 22.746958 12.327757 11.947761 11.273648 6.929655 10.681425 12.338855 12.111263 
4.555389 7.294256 12.327757 12.268846 11.779556 8.027840 6.006852 10.865920 4.429624 8.472072 
6.724762 7.262980 11.947761 11.779556 18.998646 5.528814 1.538107 13.638633 1.374738 6.219044 
7.892249 10.222629 11.273648 8.027840 5.528814 15.775404 12.676825 9.253006 11.185070 9.554672 
2.040168 14.827591 6.929655 6.006852 1.538107 12.676825 19.655905 9.937096 10.466970 9.151710 
7.048041 16.634876 10.681425 10.865920 13.638633 9.253006 9.937096 20.888092 10.394533 9.416917 
8.286219 16.081139 12.338855 4.429624 1.374738 11.185070 10.466970 10.394533 17.591275 11.788073 
4.279252 12.974426 12.111263 8.472072 6.219044 9.554672 9.151710 9.416917 11.788073 17.416771 
671.716387