26.014063 9.493677 16.514496 6.968411 10.203361 3.476161 16.048239 19.659781 13.109690 13.109994 
9.493677 15.641932 5.377028 8.092845 6.885856 -0.349525 4.032147 5.728898 12.627378 6.232863 
16.514496 5.377028 21.415452 10.985603 9.501856 6.872698 11.978193 21.381104 13.916922 10.833533 
6.968411 8.092845 10.985603 16.892334 7.202257 1.751566 14.318128 11.905255 17.021067 9.400085 
10.203361 6.885856 9.501856 7.202257 8.665423 3.380875 7.438809 12.318486 10.238165 7.245162 
3.476161 -0.349525 6.872698 1.751566 3.380875 5.138369 2.296157 8.672368 2.323830 -0.518469 
16.048239 4.032147 11.978193 14.318128 7.438809 2.296157 27.350184 17.069255 15.377724 9.932793 
19.659781 5.728898 21.381104 11.905255 12.318486 8.672368 17.069255 26.276926 14.054807 10.350427 
13.109690 12.627378 13.916922 17.021067 10.238165 2.323830 15.377724 14.054807 26.772669 12.274828 
13.109994 6.232863 10.833533 9.400085 7.245162 -0.518469 9.932793 10.350427 12.274828 15.252182 
550.879726