6.205507 0.528272 -1.390363 0.136986 -1.474900 0.284943 0.353216 0.744286 0.052689 1.602594 
0.528272 6.001955 -0.848146 0.968617 1.586517 0.912532 -0.787043 0.608500 -0.557446 0.447651 
-1.390363 -0.848146 5.208229 -0.735499 0.371599 0.644446 -0.548922 -0.674534 0.848027 -0.753980 
0.136986 0.968617 -0.735499 4.815852 1.764216 -1.346121 0.512726 -0.277881 0.724852 0.091708 
-1.474900 1.586517 0.371599 1.764216 4.792798 -0.975339 0.949395 -0.232639 0.348578 1.280663 
0.284943 0.912532 0.644446 -1.346121 -0.975339 7.091625 1.687625 0.080596 -0.496282 1.287316 
0.353216 -0.787043 -0.548922 0.512726 0.949395 1.687625 4.950439 -0.698426 -0.106710 0.103122 
0.744286 0.608500 -0.674534 -0.277881 -0.232639 0.080596 -0.698426 5.017460 0.710275 -1.110333 
0.052689 -0.557446 0.848027 0.724852 0.348578 -0.496282 -0.106710 0.710275 3.494182 1.048846 
1.602594 0.447651 -0.753980 0.091708 1.280663 1.287316 0.103122 -1.110333 1.048846 7.421954 

1.000000 2.000000 3.000000 4.000000 5.000000 6.000000 7.000000 8.000000 9.000000 10.000000 
