26.904874 2.180307 9.119723 14.026796 5.024324 12.906715 17.895242 1.871221 7.993045 11.883364 
2.180307 7.289410 6.767400 7.182893 6.724098 3.319555 5.454922 2.831511 2.602696 9.863949 
9.119723 6.767400 21.913658 14.701211 12.851689 12.941418 12.454576 0.376291 5.546778 13.891248 
14.026796 7.182893 14.701211 20.008905 13.673094 12.490559 18.695715 0.890298 5.511631 17.042663 
5.024324 6.724098 12.851689 13.673094 35.767374 7.370621 14.832649 9.052847 -2.005778 18.995114 
12.906715 3.319555 12.941418 12.490559 7.370621 24.851085 9.764433 1.929782 1.231264 9.355413 
17.895242 5.454922 12.454576 18.695715 14.832649 9.764433 27.879083 7.727758 5.449376 12.158119 
1.871221 2.831511 0.376291 0.890298 9.052847 1.929782 7.727758 11.140407 1.354426 0.968319 
7.993045 2.602696 5.546778 5.511631 -2.005778 1.231264 5.449376 1.354426 12.298770 2.981906 
11.883364 9.863949 13.891248 17.042663 18.995114 9.355413 12.158119 0.968319 2.981906 26.745900 
909.038654