25.476545 10.839301 15.112129 9.958899 12.077592 9.228244 14.017805 13.881263 6.796605 5.593990 
10.839301 15.026721 18.418603 10.751989 11.045638 6.085085 12.420958 8.274937 7.985517 4.706176 
15.112129 18.418603 31.512898 21.483996 16.678032 12.142182 26.007130 15.628602 10.147591 8.821451 
9.958899 10.751989 21.483996 21.076845 15.751497 9.306961 22.611512 11.884431 5.731671 11.664176 
12.077592 11.045638 16.678032 15.751497 27.547224 10.533233 18.508963 18.148787 5.678143 7.620414 
9.228244 6.085085 12.142182 9.306961 10.533233 9.154039 12.215657 8.196892 1.248216 2.651044 
14.017805 12.420958 26.007130 22.611512 18.508963 12.215657 38.691522 21.265554 15.012907 18.657184 
13.881263 8.274937 15.628602 11.884431 18.148787 8.196892 21.265554 20.802238 10.526154 11.206475 
6.796605 7.985517 10.147591 5.731671 5.678143 1.248216 15.012907 10.526154 12.707395 10.480579 
5.593990 4.706176 8.821451 11.664176 7.620414 2.651044 18.657184 11.206475 10.480579 19.374122 
1643.378086