19.146145 12.573626 8.546796 6.306481 13.454257 0.044090 -1.226506 4.252998 9.723000 9.298885 
12.573626 28.607607 10.459183 17.043152 20.405249 13.347569 6.913979 13.976437 19.319546 17.184898 
8.546796 10.459183 14.755048 7.340369 11.207017 8.956857 7.962103 10.613288 9.104010 9.274284 
6.306481 17.043152 7.340369 15.083615 15.196985 9.140596 6.492663 11.611839 13.212040 10.661911 
13.454257 20.405249 11.207017 15.196985 26.745911 7.308045 12.861537 16.262625 16.008139 17.190239 
0.044090 13.347569 8.956857 9.140596 7.308045 15.291125 6.387999 12.262655 10.996860 10.544206 
-1.226506 6.913979 7.962103 6.492663 12.861537 6.387999 16.418364 12.954765 8.696135 8.521519 
4.252998 13.976437 10.613288 11.611839 16.262625 12.262655 12.954765 18.687974 15.658663 15.775113 
9.723000 19.319546 9.104010 13.212040 16.008139 10.996860 8.696135 15.658663 24.757386 17.658079 
9.298885 17.184898 9.274284 10.661911 17.190239 10.544206 8.521519 15.775113 17.658079 17.591895 
6605.676017