20.225451 10.373107 7.897227 4.063494 13.736210 12.359747 15.360678 12.835546 12.006678 5.049624 
10.373107 13.513152 5.725270 5.637656 7.290831 10.462947 11.621735 6.932321 11.225082 6.470986 
7.897227 5.725270 12.888700 5.542685 -0.698802 8.845216 11.598875 10.034565 9.336841 7.534748 
4.063494 5.637656 5.542685 4.799011 1.318299 6.361002 7.139529 4.597389 7.588659 5.190736 
13.736210 7.290831 -0.698802 1.318299 19.371551 9.521588 6.385425 5.269635 6.694779 3.923306 
12.359747 10.462947 8.845216 6.361002 9.521588 23.691731 13.230146 18.407068 14.847493 10.414499 
15.360678 11.621735 11.598875 7.139529 6.385425 13.230146 20.783897 14.523794 13.615701 8.392253 
12.835546 6.932321 10.034565 4.597389 5.269635 18.407068 14.523794 24.098398 14.602007 8.745206 
12.006678 11.225082 9.336841 7.588659 6.694779 14.847493 13.615701 14.602007 18.374133 13.586991 
5.049624 6.470986 7.534748 5.190736 3.923306 10.414499 8.392253 8.745206 13.586991 16.464347 
68576.946881