4.444787 5.104962 7.958264 3.647445 3.552035 2.139390 4.890331 9.031175 1.746173 6.209982 
5.104962 33.196409 9.717019 12.979387 7.059173 12.394341 19.130530 18.010363 4.815217 13.939974 
7.958264 9.717019 22.450866 16.150103 4.404199 6.690436 15.582799 23.061995 12.946852 19.086516 
3.647445 12.979387 16.150103 23.390616 -0.016810 9.919195 18.354978 16.066716 11.642659 14.074489 
3.552035 7.059173 4.404199 -0.016810 8.979557 1.062228 4.334240 8.755079 0.602136 4.387611 
2.139390 12.394341 6.690436 9.919195 1.062228 12.441454 11.065290 8.787385 9.305349 9.342022 
4.890331 19.130530 15.582799 18.354978 4.334240 11.065290 20.906368 22.572301 10.186645 14.973059 
9.031175 18.010363 23.061995 16.066716 8.755079 8.787385 22.572301 36.982496 9.960314 16.616603 
1.746173 4.815217 12.946852 11.642659 0.602136 9.305349 10.186645 9.960314 22.546113 17.590916 
6.209982 13.939974 19.086516 14.074489 4.387611 9.342022 14.973059 16.616603 17.590916 23.448474 
1038.147646