25.498174 15.399273 2.426541 22.890455 8.733487 10.547107 11.886365 14.673851 12.610623 3.187769 
15.399273 16.747325 1.135711 15.709302 7.301533 9.559293 9.438666 12.277743 5.059660 2.030774 
2.426541 1.135711 3.578151 4.630194 3.810659 3.892293 1.095868 1.318784 2.808366 1.784000 
22.890455 15.709302 4.630194 33.157443 10.895219 15.699668 16.635370 13.665809 15.794251 5.326797 
8.733487 7.301533 3.810659 10.895219 9.370291 8.187761 5.479435 6.022129 6.985537 5.155940 
10.547107 9.559293 3.892293 15.699668 8.187761 12.639496 10.242247 6.178121 9.525944 3.909803 
11.886365 9.438666 1.095868 16.635370 5.479435 10.242247 14.867163 3.961073 9.912193 6.159567 
14.673851 12.277743 1.318784 13.665809 6.022129 6.178121 3.961073 16.421013 6.184413 -0.024155 
12.610623 5.059660 2.808366 15.794251 6.985537 9.525944 9.912193 6.184413 13.725665 4.541643 
3.187769 2.030774 1.784000 5.326797 5.155940 3.909803 6.159567 -0.024155 4.541643 7.032667 
6378.903236