5.254663 -0.248976 0.091467 0.758006 0.214855 -0.433222 0.995849 0.456139 0.204212 2.005662 
-0.248976 6.203645 -1.770129 0.880753 0.308421 -0.706052 -0.186195 -1.540097 -0.773758 -0.689123 
0.091467 -1.770129 4.859488 0.252491 -0.491260 1.017546 -0.397351 -0.667678 -0.372646 -0.130696 
0.758006 0.880753 0.252491 2.864504 -1.266797 -0.572502 -0.985101 -0.099553 1.610842 0.220135 
0.214855 0.308421 -0.491260 -1.266797 5.973246 2.103466 1.261658 -0.361923 -0.362682 -0.262230 
-0.433222 -0.706052 1.017546 -0.572502 2.103466 6.120355 -1.179947 0.468007 0.008923 -1.447781 
0.995849 -0.186195 -0.397351 -0.985101 1.261658 -1.179947 5.513473 1.675129 0.584823 0.392749 
0.456139 -1.540097 -0.667678 -0.099553 -0.361923 0.468007 1.675129 5.764605 0.152181 1.082439 
0.204212 -0.773758 -0.372646 1.610842 -0.362682 0.008923 0.584823 0.152181 6.379495 -0.270641 
2.005662 -0.689123 -0.130696 0.220135 -0.262230 -1.447781 0.392749 1.082439 -0.270641 6.066528 

1.000000 2.000000 3.000000 4.000000 5.000000 6.000000 7.000000 8.000000 9.000000 10.000000 
