17.960921 11.234901 11.247209 9.192128 16.578702 9.691856 12.214000 10.003362 7.167646 4.914090 
11.234901 21.340010 8.891955 9.493737 21.589923 19.497009 13.079049 12.575195 9.573332 6.136865 
11.247209 8.891955 14.189122 15.534314 14.277429 10.562228 9.937196 10.709009 2.776297 5.710045 
9.192128 9.493737 15.534314 32.256164 17.800556 13.793294 13.246228 10.992469 -2.105166 9.521997 
16.578702 21.589923 14.277429 17.800556 33.621681 20.820939 19.011852 13.030670 9.008352 8.245609 
9.691856 19.497009 10.562228 13.793294 20.820939 21.827810 12.743535 11.909038 9.422063 7.551610 
12.214000 13.079049 9.937196 13.246228 19.011852 12.743535 14.441367 8.259918 2.591948 4.984195 
10.003362 12.575195 10.709009 10.992469 13.030670 11.909038 8.259918 13.081106 6.105375 7.205765 
7.167646 9.573332 2.776297 -2.105166 9.008352 9.422063 2.591948 6.105375 15.295488 2.689085 
4.914090 6.136865 5.710045 9.521997 8.245609 7.551610 4.984195 7.205765 2.689085 7.513730 
1132.513407