4.786701 0.322550 -0.338227 -1.156095 -0.782328 -0.888217 1.459405 0.941158 0.256114 -0.672569 
0.322550 6.642814 -0.485368 -0.419394 0.657868 -0.326398 -0.277956 1.732917 0.349701 1.006599 
-0.338227 -0.485368 6.945733 0.154031 -1.996121 1.479194 0.846615 -1.108736 0.804825 1.723030 
-1.156095 -0.419394 0.154031 2.857158 -0.234471 -0.993553 0.460941 0.330659 -1.184559 1.318378 
-0.782328 0.657868 -1.996121 -0.234471 6.192749 -0.118779 -0.529337 -0.308227 -0.716629 0.946232 
-0.888217 -0.326398 1.479194 -0.993553 -0.118779 6.584962 -0.035218 0.134401 -0.351084 0.100806 
1.459405 -0.277956 0.846615 0.460941 -0.529337 -0.035218 3.938472 -0.465197 -0.290918 0.096543 
0.941158 1.732917 -1.108736 0.330659 -0.308227 0.134401 -0.465197 4.953798 0.550102 0.454358 
0.256114 0.349701 0.804825 -1.184559 -0.716629 -0.351084 -0.290918 0.550102 6.904470 -1.372733 
-0.672569 1.006599 1.723030 1.318378 0.946232 0.100806 0.096543 0.454358 -1.372733 5.193142 

1.000000 2.000000 3.000000 4.000000 5.000000 6.000000 7.000000 8.000000 9.000000 10.000000 
