14.003661 11.405527 8.248419 8.734037 8.955957 6.048284 0.702915 0.309460 4.955509 8.198162 
11.405527 26.939306 10.174624 11.814092 14.831259 14.870211 8.192722 6.592422 16.409714 9.670352 
8.248419 10.174624 28.481578 20.158766 12.493227 7.081566 4.325378 3.499697 15.697662 11.659811 
8.734037 11.814092 20.158766 19.155716 11.540601 8.037796 4.199073 6.156868 15.079527 8.740978 
8.955957 14.831259 12.493227 11.540601 11.418262 9.222938 4.721071 4.647875 10.799154 7.597570 
6.048284 14.870211 7.081566 8.037796 9.222938 10.614638 5.668625 7.202705 11.869917 5.035894 
0.702915 8.192722 4.325378 4.199073 4.721071 5.668625 12.007884 9.248184 5.445892 8.872504 
0.309460 6.592422 3.499697 6.156868 4.647875 7.202705 9.248184 14.218692 7.420061 4.870184 
4.955509 16.409714 15.697662 15.079527 10.799154 11.869917 5.445892 7.420061 22.054324 3.633111 
8.198162 9.670352 11.659811 8.740978 7.597570 5.035894 8.872504 4.870184 3.633111 15.374689 
1069.159382