12.706594 0.620706 0.897860 -4.375508 -1.731085 -2.881542 -8.968641 5.985323 2.872025 1.042879 
0.620706 12.721855 9.250056 5.485376 3.311530 9.520093 5.991736 6.899635 4.194775 5.512953 
0.897860 9.250056 24.829357 14.116936 13.396390 12.396037 13.463110 9.462628 7.733456 14.808684 
-4.375508 5.485376 14.116936 13.625355 13.936066 11.604751 13.964281 3.430881 6.966038 9.208877 
-1.731085 3.311530 13.396390 13.936066 28.185858 20.762066 13.642065 -1.882042 9.187140 16.966731 
-2.881542 9.520093 12.396037 11.604751 20.762066 25.792308 17.430072 2.728719 7.317863 15.547894 
-8.968641 5.991736 13.463110 13.964281 13.642065 17.430072 24.251725 3.878924 0.975345 9.069712 
5.985323 6.899635 9.462628 3.430881 -1.882042 2.728719 3.878924 13.777683 1.952547 1.204576 
2.872025 4.194775 7.733456 6.966038 9.187140 7.317863 0.975345 1.952547 12.871328 8.941500 
1.042879 5.512953 14.808684 9.208877 16.966731 15.547894 9.069712 1.204576 8.941500 16.272052 
10461.032217