27.099563 15.557131 14.383942 8.041247 15.081374 18.832794 6.593857 13.903369 13.016337 20.906730 
15.557131 17.647738 5.774816 4.003473 5.990448 10.536385 8.155671 7.453716 7.827119 23.179244 
14.383942 5.774816 17.006526 7.167928 14.375708 9.849645 7.378054 12.791957 10.937603 11.015939 
8.041247 4.003473 7.167928 9.196944 7.550108 8.061929 5.012519 8.553557 5.905642 10.692321 
15.081374 5.990448 14.375708 7.550108 23.711693 15.575265 8.231655 10.011175 14.743289 10.379419 
18.832794 10.536385 9.849645 8.061929 15.575265 18.999684 3.024416 6.929313 11.078025 13.455763 
6.593857 8.155671 7.378054 5.012519 8.231655 3.024416 12.429485 11.087621 7.363585 15.188362 
13.903369 7.453716 12.791957 8.553557 10.011175 6.929313 11.087621 18.354426 7.260963 13.453571 
13.016337 7.827119 10.937603 5.905642 14.743289 11.078025 7.363585 7.260963 11.993040 14.550622 
20.906730 23.179244 11.015939 10.692321 10.379419 13.455763 15.188362 13.453571 14.550622 47.062943 
257175.904612