10.592948 4.800686 7.923683 0.830262 4.831168 4.017336 4.701677 0.426065 4.019580 9.270808 
4.800686 22.007326 13.224233 2.186095 0.999265 5.725855 4.479384 3.572430 8.961682 16.315962 
7.923683 13.224233 19.839530 0.687443 2.410449 13.915228 8.951907 0.229967 8.162182 12.104056 
0.830262 2.186095 0.687443 4.990084 2.523233 2.777151 3.813692 0.374615 4.913082 6.341037 
4.831168 0.999265 2.410449 2.523233 21.453453 14.567090 8.849091 -2.006775 4.543828 7.369872 
4.017336 5.725855 13.915228 2.777151 14.567090 29.165587 17.577868 -1.620753 4.189727 8.188462 
4.701677 4.479384 8.951907 3.813692 8.849091 17.577868 17.997850 1.408599 4.388997 7.159676 
0.426065 3.572430 0.229967 0.374615 -2.006775 -1.620753 1.408599 9.260112 2.453360 3.379007 
4.019580 8.961682 8.162182 4.913082 4.543828 4.189727 4.388997 2.453360 10.475748 12.729630 
9.270808 16.315962 12.104056 6.341037 7.369872 8.188462 7.159676 3.379007 12.729630 22.029634 
7894.846726