7.884449 -0.273663 -0.689762 1.671804 -1.025294 0.720649 -1.101498 0.197426 0.829132 -0.261629 
-0.273663 3.050924 -0.985779 0.703484 -0.963515 -0.663104 1.016802 0.114086 -1.618401 -0.594407 
-0.689762 -0.985779 6.772758 1.211792 1.072531 0.089549 -0.043222 -1.136136 0.737639 -0.819695 
1.671804 0.703484 1.211792 5.281455 -1.318738 -0.469190 -0.101500 -0.229674 0.332540 0.470558 
-1.025294 -0.963515 1.072531 -1.318738 5.947593 0.661853 0.550934 0.511941 -0.808301 0.375779 
0.720649 -0.663104 0.089549 -0.469190 0.661853 4.617324 0.342749 -1.756246 -0.837023 0.681178 
-1.101498 1.016802 -0.043222 -0.101500 0.550934 0.342749 5.462797 -0.149675 0.161069 -1.215492 
0.197426 0.114086 -1.136136 -0.229674 0.511941 -1.756246 -0.149675 7.098039 1.285882 -0.706533 
0.829132 -1.618401 0.737639 0.332540 -0.808301 -0.837023 0.161069 1.285882 4.377850 -0.756888 
-0.261629 -0.594407 -0.819695 0.470558 0.375779 0.681178 -1.215492 -0.706533 -0.756888 4.506810 

1.000000 2.000000 3.000000 4.000000 5.000000 6.000000 7.000000 8.000000 9.000000 10.000000 
