25.395342 10.331529 15.741762 17.419179 12.554786 8.887783 10.455604 13.241726 9.476479 2.592829 
10.331529 12.383084 7.600237 11.621089 8.330651 3.700727 8.879971 7.871042 4.148245 1.903501 
15.741762 7.600237 17.419443 7.932564 11.361233 13.182428 10.757494 15.000098 6.257070 6.140774 
17.419179 11.621089 7.932564 23.699158 12.709293 5.743622 14.294858 8.491365 10.237990 1.303984 
12.554786 8.330651 11.361233 12.709293 17.847416 11.729724 19.081282 13.506879 6.857163 4.192231 
8.887783 3.700727 13.182428 5.743622 11.729724 22.972149 17.871484 16.492251 6.611321 5.008215 
10.455604 8.879971 10.757494 14.294858 19.081282 17.871484 24.991869 16.349451 9.119928 2.612051 
13.241726 7.871042 15.000098 8.491365 13.506879 16.492251 16.349451 17.521886 6.903849 2.510840 
9.476479 4.148245 6.257070 10.237990 6.857163 6.611321 9.119928 6.903849 9.841703 0.021099 
2.592829 1.903501 6.140774 1.303984 4.192231 5.008215 2.612051 2.510840 0.021099 11.789736 
1421.262912