10.858063 0.826263 -2.826599 0.544896 -1.854527 -2.188304 -1.633808 1.321600 0.244411 1.569456 
0.826263 8.801851 -1.414024 -0.995080 4.103986 -0.974386 0.777752 1.700177 -0.947873 -0.232233 
-2.826599 -1.414024 11.479465 0.804961 -1.647187 -3.968396 -2.093922 2.985314 -2.096176 3.171275 
0.544896 -0.995080 0.804961 9.528132 -1.542027 -1.299659 -2.195110 2.027403 1.421997 -0.548323 
-1.854527 4.103986 -1.647187 -1.542027 14.719362 2.243282 -3.103006 2.990925 -2.627592 -2.371971 
-2.188304 -0.974386 -3.968396 -1.299659 2.243282 12.878294 0.541807 -3.078739 0.236947 -0.098671 
-1.633808 0.777752 -2.093922 -2.195110 -3.103006 0.541807 14.643306 1.654341 -2.137548 -2.646872 
1.321600 1.700177 2.985314 2.027403 2.990925 -3.078739 1.654341 11.906689 0.830313 1.047526 
0.244411 -0.947873 -2.096176 1.421997 -2.627592 0.236947 -2.137548 0.830313 11.492744 -0.740412 
1.569456 -0.232233 3.171275 -0.548323 -2.371971 -0.098671 -2.646872 1.047526 -0.740412 11.942095 

2.150000 4.300000 6.450000 8.600000 10.750000 12.900000 15.050000 17.200000 19.350000 21.500000 
