6.219643 0.395376 -1.001781 -1.464153 0.006616 0.517343 -0.136229 1.853116 1.454360 -1.103953 
0.395376 5.196160 2.432126 -0.669986 -0.291391 -0.410939 -0.130728 -1.158571 1.634919 0.071266 
-1.001781 2.432126 3.926541 0.338080 0.571397 -0.392238 -0.392504 -0.208325 0.843941 -1.412913 
-1.464153 -0.669986 0.338080 6.375622 1.463533 -0.111575 2.162349 -0.014305 0.382175 -1.508138 
0.006616 -0.291391 0.571397 1.463533 8.568123 -0.995178 -0.367655 -0.436155 -2.675837 0.414333 
0.517343 -0.410939 -0.392238 -0.111575 -0.995178 7.272282 0.363661 1.520574 0.283361 -0.391794 
-0.136229 -0.130728 -0.392504 2.162349 -0.367655 0.363661 5.109172 0.593170 1.325074 0.444674 
1.853116 -1.158571 -0.208325 -0.014305 -0.436155 1.520574 0.593170 7.058215 0.057925 -0.363545 
1.454360 1.634919 0.843941 0.382175 -2.675837 0.283361 1.325074 0.057925 8.740408 0.434011 
-1.103953 0.071266 -1.412913 -1.508138 0.414333 -0.391794 0.444674 -0.363545 0.434011 10.283834 

1.250000 2.500000 3.750000 5.000000 6.250000 7.500000 8.750000 10.000000 11.250000 12.500000 
