12.966794 -2.728130 -2.445812 -1.177182 0.928042 1.764518 -1.756331 -0.554024 0.461223 -1.333857 
-2.728130 5.300354 2.477147 -0.787005 -0.315660 0.296245 2.219856 0.109018 -3.635480 0.226552 
-2.445812 2.477147 15.239883 -1.082350 0.574726 5.994565 -2.085252 -0.386542 1.198275 -0.477703 
-1.177182 -0.787005 -1.082350 12.255681 -2.956055 -1.880077 1.741917 0.006824 2.650549 2.636894 
0.928042 -0.315660 0.574726 -2.956055 14.988630 -0.503694 -0.762452 -2.795750 -3.769146 0.253639 
1.764518 0.296245 5.994565 -1.880077 -0.503694 12.069977 -3.045411 -4.077929 0.276686 0.695445 
-1.756331 2.219856 -2.085252 1.741917 -0.762452 -3.045411 15.317910 -0.783416 -2.890817 1.243323 
-0.554024 0.109018 -0.386542 0.006824 -2.795750 -4.077929 -0.783416 15.203314 0.184887 -0.906404 
0.461223 -3.635480 1.198275 2.650549 -3.769146 0.276686 -2.890817 0.184887 12.117712 -2.761637 
-1.333857 0.226552 -0.477703 2.636894 0.253639 0.695445 1.243323 -0.906404 -2.761637 15.623079 

2.383333 4.766667 7.150000 9.533333 11.916667 14.300000 16.683333 19.066667 21.450000 23.833333 
