10.614669 3.594343 -2.401004 1.675874 2.541631 2.713740 -1.418544 3.205282 0.815815 -0.176874 
3.594343 10.217369 -3.292826 -1.077052 -0.447795 0.720607 -3.173842 0.747791 -2.766743 1.216127 
-2.401004 -3.292826 10.822069 -1.405586 -0.562361 0.291497 -1.515428 0.758482 1.337099 0.562011 
1.675874 -1.077052 -1.405586 14.011543 -0.534351 -3.856713 1.092300 0.610963 1.066289 -2.194157 
2.541631 -0.447795 -0.562361 -0.534351 7.155372 0.426046 -0.705129 1.126039 2.400121 0.970613 
2.713740 0.720607 0.291497 -3.856713 0.426046 7.413131 2.161084 -1.928751 -1.575809 -1.285932 
-1.418544 -3.173842 -1.515428 1.092300 -0.705129 2.161084 11.738590 -1.349430 0.582024 -2.408258 
3.205282 0.747791 0.758482 0.610963 1.126039 -1.928751 -1.349430 13.227663 -0.630704 0.602124 
0.815815 -2.766743 1.337099 1.066289 2.400121 -1.575809 0.582024 -0.630704 13.561680 -1.277718 
-0.176874 1.216127 0.562011 -2.194157 0.970613 -1.285932 -2.408258 0.602124 -1.277718 12.154582 

2.016667 4.033333 6.050000 8.066667 10.083333 12.100000 14.116667 16.133333 18.150000 20.166667 
