8.064339 -0.980534 -1.271429 2.054123 -0.145892 0.929049 -0.443380 -1.244723 -0.139013 2.001775 
-0.980534 10.555798 0.531275 2.712805 -2.299692 3.098182 -0.065132 0.144358 -0.051086 2.647548 
-1.271429 0.531275 8.040031 0.173265 -0.071497 -0.599636 -0.962508 -0.580961 1.030025 0.243800 
2.054123 2.712805 0.173265 12.302021 0.502853 -0.464889 -0.982251 1.180929 -0.572390 1.419284 
-0.145892 -2.299692 -0.071497 0.502853 13.682854 0.275856 0.796462 -2.388248 0.777965 0.229535 
0.929049 3.098182 -0.599636 -0.464889 0.275856 9.846595 0.183870 -0.153927 -0.423922 -0.973647 
-0.443380 -0.065132 -0.962508 -0.982251 0.796462 0.183870 8.951824 -2.817153 -3.528452 2.413569 
-1.244723 0.144358 -0.580961 1.180929 -2.388248 -0.153927 -2.817153 5.457052 -0.352649 -0.618142 
-0.139013 -0.051086 1.030025 -0.572390 0.777965 -0.423922 -3.528452 -0.352649 7.095918 -0.958914 
2.001775 2.647548 0.243800 1.419284 0.229535 -0.973647 2.413569 -0.618142 -0.958914 7.670236 

1.666667 3.333333 5.000000 6.666667 8.333333 10.000000 11.666667 13.333333 15.000000 16.666667 
