8.980310 2.873549 0.463715 -2.430796 0.957790 -1.534116 -0.136545 0.288131 0.466335 -1.038924 
2.873549 11.487458 -1.038907 0.736775 3.280414 -1.792738 -0.891868 0.741923 -0.108848 2.152719 
0.463715 -1.038907 8.087399 -0.103396 -1.206402 -1.146796 3.034449 0.143014 -0.331134 -1.648937 
-2.430796 0.736775 -0.103396 6.864242 -2.081267 1.549226 -2.867510 -0.966816 -1.646548 0.046704 
0.957790 3.280414 -1.206402 -2.081267 12.812348 3.340076 2.265774 1.093473 2.669853 2.078047 
-1.534116 -1.792738 -1.146796 1.549226 3.340076 12.493244 0.625614 -0.846648 1.423272 -1.942475 
-0.136545 -0.891868 3.034449 -2.867510 2.265774 0.625614 9.919289 -1.732751 -2.025802 -2.777093 
0.288131 0.741923 0.143014 -0.966816 1.093473 -0.846648 -1.732751 11.529659 0.211846 -1.484636 
0.466335 -0.108848 -0.331134 -1.646548 2.669853 1.423272 -2.025802 0.211846 12.264171 -0.656107 
-1.038924 2.152719 -1.648937 0.046704 2.078047 -1.942475 -2.777093 -1.484636 -0.656107 9.145213 

1.883333 3.766667 5.650000 7.533333 9.416667 11.300000 13.183333 15.066667 16.950000 18.833333 
