8.025284 -1.829135 0.543160 1.881186 0.324314 2.433747 1.174500 -0.206114 0.068850 0.605813 
-1.829135 8.227018 -1.930190 3.079956 0.106704 1.804461 -0.720091 -1.448140 -0.575458 -0.605476 
0.543160 -1.930190 10.691649 -0.575416 -0.142961 0.655414 0.691439 2.956981 1.831767 -2.414820 
1.881186 3.079956 -0.575416 10.758718 1.968110 -0.979049 -1.638054 -0.817491 3.120415 -1.243727 
0.324314 0.106704 -0.142961 1.968110 8.640346 -0.020421 0.118087 2.680916 0.077864 -0.621520 
2.433747 1.804461 0.655414 -0.979049 -0.020421 7.583759 0.080344 -1.719249 0.020181 -0.316986 
1.174500 -0.720091 0.691439 -1.638054 0.118087 0.080344 5.176855 -0.325531 0.100295 0.231466 
-0.206114 -1.448140 2.956981 -0.817491 2.680916 -1.719249 -0.325531 10.665777 -1.635725 1.820956 
0.068850 -0.575458 1.831767 3.120415 0.077864 0.020181 0.100295 -1.635725 7.672905 0.380114 
0.605813 -0.605476 -2.414820 -1.243727 -0.621520 -0.316986 0.231466 1.820956 0.380114 11.474355 

1.616667 3.233333 4.850000 6.466667 8.083333 9.700000 11.316667 12.933333 14.550000 16.166667 
