13.159473 -1.941369 -2.006391 -0.467381 0.574824 0.501046 0.605877 0.625512 2.775003 -0.886035 
-1.941369 12.105865 0.539162 0.987185 1.572919 -1.433536 4.041365 -0.531253 3.154272 1.620040 
-2.006391 0.539162 10.866678 1.102634 -0.613710 0.404353 -0.647001 2.824896 -2.697757 -0.145508 
-0.467381 0.987185 1.102634 9.668652 -3.599708 -0.053130 -0.818361 -3.452271 -1.381038 -1.300228 
0.574824 1.572919 -0.613710 -3.599708 13.280023 0.041478 -1.369524 -2.576480 -0.117906 1.941635 
0.501046 -1.433536 0.404353 -0.053130 0.041478 9.850133 -2.595181 -1.370225 0.490702 -1.994107 
0.605877 4.041365 -0.647001 -0.818361 -1.369524 -2.595181 10.125349 -0.564078 1.229253 3.291004 
0.625512 -0.531253 2.824896 -3.452271 -2.576480 -1.370225 -0.564078 8.998903 -1.045789 -1.274767 
2.775003 3.154272 -2.697757 -1.381038 -0.117906 0.490702 1.229253 -1.045789 12.796631 -1.377425 
-0.886035 1.620040 -0.145508 -1.300228 1.941635 -1.994107 3.291004 -1.274767 -1.377425 7.314959 

1.966667 3.933333 5.900000 7.866667 9.833333 11.800000 13.766667 15.733333 17.700000 19.666667 
