6.601630 0.234497 -0.170753 0.751520 -1.691307 1.796037 -0.700900 2.922221 -2.892737 -0.028621 
0.234497 8.390100 0.359063 -0.643308 0.533261 -0.884689 0.799950 -0.283103 -0.353365 3.623935 
-0.170753 0.359063 12.882665 0.027790 2.047401 -0.713012 1.278707 -0.320399 -0.983898 1.506082 
0.751520 -0.643308 0.027790 8.742144 -0.705445 -0.862500 -4.684700 -0.456820 1.141407 0.090537 
-1.691307 0.533261 2.047401 -0.705445 7.164356 -1.182964 -2.141851 -0.337186 -1.032247 1.703239 
1.796037 -0.884689 -0.713012 -0.862500 -1.182964 8.014184 0.226369 -0.425428 -1.370359 -0.980514 
-0.700900 0.799950 1.278707 -4.684700 -2.141851 0.226369 9.644160 -0.164958 -1.865699 1.809354 
2.922221 -0.283103 -0.320399 -0.456820 -0.337186 -0.425428 -0.164958 11.889461 -0.541041 0.323534 
-2.892737 -0.353365 -0.983898 1.141407 -1.032247 -1.370359 -1.865699 -0.541041 9.501513 0.116683 
-0.028621 3.623935 1.506082 0.090537 1.703239 -0.980514 1.809354 0.323534 0.116683 7.919787 

1.650000 3.300000 4.950000 6.600000 8.250000 9.900000 11.550000 13.200000 14.850000 16.500000 
