13.147044 -2.722759 -1.618125 -2.246208 -2.313573 0.752299 0.721019 2.178765 -2.382167 -1.363702 
-2.722759 11.589247 3.222599 0.005811 2.962984 0.594626 -0.195550 0.799507 -1.013168 0.146430 
-1.618125 3.222599 8.479439 -1.547923 1.046326 2.216398 1.437771 0.028535 0.033590 1.541795 
-2.246208 0.005811 -1.547923 7.654461 0.766586 0.898377 0.270960 2.146786 1.327361 -4.426218 
-2.313573 2.962984 1.046326 0.766586 12.405880 0.000342 -1.220753 -0.556389 -2.658497 -2.672341 
0.752299 0.594626 2.216398 0.898377 0.000342 11.947536 -2.437290 1.166679 -1.660455 -2.751801 
0.721019 -0.195550 1.437771 0.270960 -1.220753 -2.437290 14.435591 0.776802 -1.418997 1.135626 
2.178765 0.799507 0.028535 2.146786 -0.556389 1.166679 0.776802 9.053883 -1.854097 1.432349 
-2.382167 -1.013168 0.033590 1.327361 -2.658497 -1.660455 -1.418997 -1.854097 8.733022 0.831245 
-1.363702 0.146430 1.541795 -4.426218 -2.672341 -2.751801 1.135626 1.432349 0.831245 11.637230 

1.983333 3.966667 5.950000 7.933333 9.916667 11.900000 13.883333 15.866667 17.850000 19.833333 
