12.449195 1.210122 -1.090130 -0.909211 2.793126 -2.486120 -1.014343 1.625503 3.725443 0.343752 
1.210122 8.163842 0.091294 -2.653536 -1.096695 -1.165557 2.043767 -3.203567 0.972909 -1.745322 
-1.090130 0.091294 9.632283 -4.096372 0.218033 -1.020913 -0.886102 1.168037 0.095642 -0.453723 
-0.909211 -2.653536 -4.096372 15.383774 -0.915123 2.768726 0.898001 -0.020258 1.526404 2.325963 
2.793126 -1.096695 0.218033 -0.915123 12.489119 4.729036 -0.624143 -0.782999 2.273434 0.914104 
-2.486120 -1.165557 -1.020913 2.768726 4.729036 9.663964 -1.425885 -1.102913 0.169256 0.586701 
-1.014343 2.043767 -0.886102 0.898001 -0.624143 -1.425885 14.144889 1.203762 0.522999 -0.845761 
1.625503 -3.203567 1.168037 -0.020258 -0.782999 -1.102913 1.203762 7.929978 3.262378 2.346961 
3.725443 0.972909 0.095642 1.526404 2.273434 0.169256 0.522999 3.262378 12.095362 0.514546 
0.343752 -1.745322 -0.453723 2.325963 0.914104 0.586701 -0.845761 2.346961 0.514546 13.547594 

2.100000 4.200000 6.300000 8.400000 10.500000 12.600000 14.700000 16.800000 18.900000 21.000000 
