14.616166 -0.115296 3.537350 -0.166117 -0.283787 1.255145 2.496086 -4.183845 5.091564 -0.828675 
-0.115296 9.031351 -0.677409 0.608226 3.020027 0.309418 -0.809746 -3.403128 0.795213 0.554111 
3.537350 -0.677409 14.783991 0.168303 -4.163571 -0.552153 2.396532 1.564627 0.220033 -0.463550 
-0.166117 0.608226 0.168303 15.427948 0.444097 2.863524 0.879008 -1.346410 -0.132576 0.854188 
-0.283787 3.020027 -4.163571 0.444097 13.474313 1.111659 2.122664 0.181432 3.273120 -4.977541 
1.255145 0.309418 -0.552153 2.863524 1.111659 12.951775 -2.916151 1.238163 1.745099 -2.667175 
2.496086 -0.809746 2.396532 0.879008 2.122664 -2.916151 11.782071 -4.232092 -2.445983 -1.358225 
-4.183845 -3.403128 1.564627 -1.346410 0.181432 1.238163 -4.232092 15.174008 0.752863 2.648000 
5.091564 0.795213 0.220033 -0.132576 3.273120 1.745099 -2.445983 0.752863 12.340228 -0.261153 
-0.828675 0.554111 -0.463550 0.854188 -4.977541 -2.667175 -1.358225 2.648000 -0.261153 12.418150 

2.400000 4.800000 7.200000 9.600000 12.000000 14.400000 16.800000 19.200000 21.600000 24.000000 
