7.825951 2.214259 -1.634005 -0.300828 2.624105 1.013724 -1.590349 -2.643194 1.131823 -0.741884 
2.214259 6.367335 2.620228 0.820322 0.878771 0.878427 -0.351953 -0.121754 -0.059774 -2.375133 
-1.634005 2.620228 11.567295 1.258522 -0.553201 1.800053 -0.743191 -0.129148 1.120163 -2.604267 
-0.300828 0.820322 1.258522 12.574372 -1.983148 2.981134 1.088543 -0.717455 -1.666858 0.449681 
2.624105 0.878771 -0.553201 -1.983148 6.261645 0.336309 -0.444041 0.299831 0.587469 1.583016 
1.013724 0.878427 1.800053 2.981134 0.336309 9.150525 2.273725 0.280833 -0.484618 2.051821 
-1.590349 -0.351953 -0.743191 1.088543 -0.444041 2.273725 12.992478 0.898960 -0.414316 0.805499 
-2.643194 -0.121754 -0.129148 -0.717455 0.299831 0.280833 0.898960 8.560095 2.813944 -0.674328 
1.131823 -0.059774 1.120163 -1.666858 0.587469 -0.484618 -0.414316 2.813944 10.232841 0.363068 
-0.741884 -2.375133 -2.604267 0.449681 1.583016 2.051821 0.805499 -0.674328 0.363068 8.884131 

1.716667 3.433333 5.150000 6.866667 8.583333 10.300000 12.016667 13.733333 15.450000 17.166667 
