11.321558 -0.092323 2.285317 -1.039978 2.597610 1.154791 -2.525866 -0.766899 -1.321212 4.202466 
-0.092323 11.140980 0.323590 -1.781702 1.212709 0.031773 -2.337911 -0.422144 1.153674 -0.826758 
2.285317 0.323590 8.624999 0.290734 0.045467 0.428151 -1.405742 0.200650 -2.611781 -0.037398 
-1.039978 -1.781702 0.290734 12.482373 0.914750 -1.797552 -0.554643 -2.496751 -0.752126 0.817485 
2.597610 1.212709 0.045467 0.914750 8.110029 -2.725481 0.545848 0.905863 0.541589 -0.321288 
1.154791 0.031773 0.428151 -1.797552 -2.725481 8.883469 -3.879663 -0.213798 0.318047 -0.082841 
-2.525866 -2.337911 -1.405742 -0.554643 0.545848 -3.879663 7.033560 2.465692 0.193939 1.511154 
-0.766899 -0.422144 0.200650 -2.496751 0.905863 -0.213798 2.465692 12.457257 0.609091 -1.690444 
-1.321212 1.153674 -2.611781 -0.752126 0.541589 0.318047 0.193939 0.609091 8.330684 -1.313259 
4.202466 -0.826758 -0.037398 0.817485 -0.321288 -0.082841 1.511154 -1.690444 -1.313259 8.781757 

1.766667 3.533333 5.300000 7.066667 8.833333 10.600000 12.366667 14.133333 15.900000 17.666667 
