11.721899 -0.288223 -1.426269 0.325994 -0.625177 -2.994364 -0.682347 1.127584 -0.816513 2.929741 
-0.288223 6.650690 -0.809221 0.151301 -1.286339 -0.631312 2.402226 -1.406215 -2.330808 1.529390 
-1.426269 -0.809221 7.576899 0.656441 -1.276064 -0.543497 1.997527 -1.196608 0.817338 1.016247 
0.325994 0.151301 0.656441 6.495554 0.139455 1.054515 -0.968583 -1.924053 -1.946527 -1.886758 
-0.625177 -1.286339 -1.276064 0.139455 7.510909 -0.242566 -2.353832 -0.426411 0.347388 -1.989469 
-2.994364 -0.631312 -0.543497 1.054515 -0.242566 8.135199 -0.045021 -0.572677 -1.073096 1.093755 
-0.682347 2.402226 1.997527 -0.968583 -2.353832 -0.045021 7.113670 1.357330 -0.900499 -0.310013 
1.127584 -1.406215 -1.196608 -1.924053 -0.426411 -0.572677 1.357330 8.048933 -0.903968 -0.860341 
-0.816513 -2.330808 0.817338 -1.946527 0.347388 -1.073096 -0.900499 -0.903968 11.124599 -0.456371 
2.929741 1.529390 1.016247 -1.886758 -1.989469 1.093755 -0.310013 -0.860341 -0.456371 9.038316 

1.516667 3.033333 4.550000 6.066667 7.583333 9.100000 10.616667 12.133333 13.650000 15.166667 
