5.875999 -0.574580 -0.789234 2.058372 0.289263 1.630761 0.690502 0.048875 0.675867 2.204474 
-0.574580 7.768425 0.585449 0.217528 -1.348021 -0.605046 -0.506298 1.518281 -0.870746 -1.439433 
-0.789234 0.585449 8.927362 -0.351061 0.268982 1.551288 -0.912352 1.559173 -2.144184 2.461846 
2.058372 0.217528 -0.351061 7.305724 3.530067 2.112898 0.282292 0.210037 -0.484828 0.504153 
0.289263 -1.348021 0.268982 3.530067 7.345733 -1.175806 0.397408 -0.777004 -0.965977 0.313086 
1.630761 -0.605046 1.551288 2.112898 -1.175806 7.774418 -2.176299 -1.038146 0.348382 0.263518 
0.690502 -0.506298 -0.912352 0.282292 0.397408 -2.176299 8.346773 0.133405 0.831625 -1.122709 
0.048875 1.518281 1.559173 0.210037 -0.777004 -1.038146 0.133405 4.823679 0.263531 -0.291722 
0.675867 -0.870746 -2.144184 -0.484828 -0.965977 0.348382 0.831625 0.263531 7.853890 1.479789 
2.204474 -1.439433 2.461846 0.504153 0.313086 0.263518 -1.122709 -0.291722 1.479789 9.144664 

1.366667 2.733333 4.100000 5.466667 6.833333 8.200000 9.566667 10.933333 12.300000 13.666667 
