6.856679 0.988025 0.445817 2.520982 -0.472806 -0.233200 -0.974918 1.397849 -1.746700 -1.261544 
0.988025 4.674082 1.123451 0.644077 0.903956 2.295579 -0.090177 -0.971894 0.217111 0.263010 
0.445817 1.123451 8.932385 -0.301063 -0.106673 -0.320769 0.060131 0.139084 -1.235435 0.039361 
2.520982 0.644077 -0.301063 6.755960 -1.115800 1.370812 0.219620 -0.487250 -0.339658 -0.596671 
-0.472806 0.903956 -0.106673 -1.115800 6.375537 0.584853 0.289191 1.736474 -0.238613 0.600512 
-0.233200 2.295579 -0.320769 1.370812 0.584853 7.065346 -2.662520 -2.139759 -0.116914 -1.550660 
-0.974918 -0.090177 0.060131 0.219620 0.289191 -2.662520 8.531659 -0.994186 -2.888810 0.016089 
1.397849 -0.971894 0.139084 -0.487250 1.736474 -2.139759 -0.994186 7.338843 -0.394661 2.505348 
-1.746700 0.217111 -1.235435 -0.339658 -0.238613 -0.116914 -2.888810 -0.394661 7.399782 0.087322 
-1.261544 0.263010 0.039361 -0.596671 0.600512 -1.550660 0.016089 2.505348 0.087322 7.569728 

1.300000 2.600000 3.900000 5.200000 6.500000 7.800000 9.100000 10.400000 11.700000 13.000000 
