11.164064 -4.013530 1.946881 4.635198 2.033747 -1.235679 0.083237 -1.833297 -1.477116 -0.843383 
-4.013530 10.065236 -2.110209 -1.439741 -1.120983 0.204393 0.520578 3.378990 0.736782 -0.910351 
1.946881 -2.110209 16.232756 2.542607 -5.372754 0.917962 0.372576 1.714355 1.546873 3.275803 
4.635198 -1.439741 2.542607 17.019946 0.581759 -0.190428 -1.388870 -3.199676 0.889360 1.817267 
2.033747 -1.120983 -5.372754 0.581759 13.899296 5.591402 -2.340821 1.884339 -1.160144 1.187184 
-1.235679 0.204393 0.917962 -0.190428 5.591402 13.366386 2.205264 -2.260855 0.566061 0.893030 
0.083237 0.520578 0.372576 -1.388870 -2.340821 2.205264 15.355375 0.249554 -2.496530 -1.336851 
-1.833297 3.378990 1.714355 -3.199676 1.884339 -2.260855 0.249554 14.978423 0.618062 1.279535 
-1.477116 0.736782 1.546873 0.889360 -1.160144 0.566061 -2.496530 0.618062 13.420646 4.066315 
-0.843383 -0.910351 3.275803 1.817267 1.187184 0.893030 -1.336851 1.279535 4.066315 10.164539 

2.466667 4.933333 7.400000 9.866667 12.333333 14.800000 17.266667 19.733333 22.200000 24.666667 
