8.325155 -1.654317 -1.146654 -2.097148 2.261773 1.129292 -2.430462 4.064377 1.409522 -0.894787 
-1.654317 11.189881 1.296526 -1.532912 -1.456942 3.604348 -0.042889 0.671416 0.138372 1.240782 
-1.146654 1.296526 20.135305 -0.476079 1.723190 -1.191173 0.140650 0.191246 -2.201443 -3.523462 
-2.097148 -1.532912 -0.476079 13.557648 -2.563425 -1.800145 4.629438 3.690090 2.251736 -4.518053 
2.261773 -1.456942 1.723190 -2.563425 14.908142 0.067000 -1.830432 -2.630579 -0.635078 3.607274 
1.129292 3.604348 -1.191173 -1.800145 0.067000 16.378497 1.715985 3.206059 1.313739 -0.373454 
-2.430462 -0.042889 0.140650 4.629438 -1.830432 1.715985 12.492931 2.730043 -2.070656 0.921158 
4.064377 0.671416 0.191246 3.690090 -2.630579 3.206059 2.730043 13.428691 0.239506 -0.795329 
1.409522 0.138372 -2.201443 2.251736 -0.635078 1.313739 -2.070656 0.239506 13.938994 -2.084424 
-0.894787 1.240782 -3.523462 -4.518053 3.607274 -0.373454 0.921158 -0.795329 -2.084424 12.228091 

2.483333 4.966667 7.450000 9.933333 12.416667 14.900000 17.383333 19.866667 22.350000 24.833333 
