7.459493 -0.997220 0.813859 -3.622499 -0.733237 0.006906 0.106435 0.415923 -0.720007 1.044275 
-0.997220 10.490515 1.912904 -1.499371 -0.435690 0.515257 1.915111 -1.458673 -0.455862 0.964940 
0.813859 1.912904 8.075319 -1.231475 0.408089 0.693480 -0.002481 -2.907195 -1.012723 2.252409 
-3.622499 -1.499371 -1.231475 8.967767 0.328786 1.688269 1.064470 -1.085650 -0.259204 0.725556 
-0.733237 -0.435690 0.408089 0.328786 13.116618 -0.797404 1.086786 3.488511 -1.262904 -0.268974 
0.006906 0.515257 0.693480 1.688269 -0.797404 7.560134 0.148283 0.434190 -0.980115 1.356444 
0.106435 1.915111 -0.002481 1.064470 1.086786 0.148283 6.581248 1.201218 0.850150 1.748199 
0.415923 -1.458673 -2.907195 -1.085650 3.488511 0.434190 1.201218 7.451500 -0.548753 1.555771 
-0.720007 -0.455862 -1.012723 -0.259204 -1.262904 -0.980115 0.850150 -0.548753 9.851249 -1.677937 
1.044275 0.964940 2.252409 0.725556 -0.268974 1.356444 1.748199 1.555771 -1.677937 6.612824 

1.566667 3.133333 4.700000 6.266667 7.833333 9.400000 10.966667 12.533333 14.100000 15.666667 
