11.179015 1.320136 -3.627648 0.124717 0.539344 0.261090 -1.643113 -1.530180 0.632658 -0.297954 
1.320136 6.289083 -0.384177 0.155886 0.308470 2.663047 -1.984037 -2.352959 1.212668 0.976455 
-3.627648 -0.384177 10.545422 2.210081 1.240793 1.366349 0.590684 0.440614 3.772817 -0.976553 
0.124717 0.155886 2.210081 13.321504 -2.179098 -0.872850 1.562004 2.177975 1.968553 -0.668323 
0.539344 0.308470 1.240793 -2.179098 12.671799 2.071009 -0.505323 0.758892 1.769407 -2.301523 
0.261090 2.663047 1.366349 -0.872850 2.071009 13.623349 -0.971726 -2.573136 -1.585710 -0.008575 
-1.643113 -1.984037 0.590684 1.562004 -0.505323 -0.971726 9.787763 -1.782893 0.336322 4.387412 
-1.530180 -2.352959 0.440614 2.177975 0.758892 -2.573136 -1.782893 11.728076 0.977016 -0.724431 
0.632658 1.212668 3.772817 1.968553 1.769407 -1.585710 0.336322 0.977016 8.729835 -0.740759 
-0.297954 0.976455 -0.976553 -0.668323 -2.301523 -0.008575 4.387412 -0.724431 -0.740759 8.457488 

1.933333 3.866667 5.800000 7.733333 9.666667 11.600000 13.533333 15.466667 17.400000 19.333333 
