12.261473 -1.302490 -3.073120 1.923672 0.445088 1.349136 0.170098 -2.178656 -0.900619 -4.644913 
-1.302490 11.449182 -2.734453 1.264985 0.018005 -0.464319 -1.376473 4.992080 -1.661441 3.847109 
-3.073120 -2.734453 12.065544 -0.083138 -2.439183 3.485274 3.822721 0.531006 2.463735 -1.592790 
1.923672 1.264985 -0.083138 13.357421 -4.470050 -0.698703 2.022636 1.846546 -0.303627 5.605956 
0.445088 0.018005 -2.439183 -4.470050 17.709487 -1.828243 -0.518326 0.864875 2.489238 -1.115998 
1.349136 -0.464319 3.485274 -0.698703 -1.828243 10.800040 -0.927911 0.506071 0.854747 0.347055 
0.170098 -1.376473 3.822721 2.022636 -0.518326 -0.927911 16.242585 2.879267 2.559252 -2.035014 
-2.178656 4.992080 0.531006 1.846546 0.864875 0.506071 2.879267 12.562815 0.746757 -2.131312 
-0.900619 -1.661441 2.463735 -0.303627 2.489238 0.854747 2.559252 0.746757 16.502724 0.878468 
-4.644913 3.847109 -1.592790 5.605956 -1.115998 0.347055 -2.035014 -2.131312 0.878468 18.215396 

2.566667 5.133333 7.700000 10.266667 12.833333 15.400000 17.966667 20.533333 23.100000 25.666667 
