4.674365 -1.238862 1.223903 0.567305 -0.945870 1.571500 -0.018831 -0.116958 -0.799185 1.261563 
-1.238862 7.368405 -1.065730 0.746479 -0.704490 1.256930 1.908390 0.008725 0.295337 1.081648 
1.223903 -1.065730 5.095813 1.962636 1.726565 -1.230561 -0.394136 0.918555 -0.913657 -0.331825 
0.567305 0.746479 1.962636 8.979775 -0.107994 -0.941907 0.284578 0.962002 -0.717685 0.121429 
-0.945870 -0.704490 1.726565 -0.107994 6.593341 -0.022657 0.377521 -0.392327 1.068596 1.057946 
1.571500 1.256930 -1.230561 -0.941907 -0.022657 5.507543 0.730134 0.938600 0.480512 0.804483 
-0.018831 1.908390 -0.394136 0.284578 0.377521 0.730134 3.817600 0.074265 -0.962353 -0.464117 
-0.116958 0.008725 0.918555 0.962002 -0.392327 0.938600 0.074265 5.912306 -0.096000 -0.534872 
-0.799185 0.295337 -0.913657 -0.717685 1.068596 0.480512 -0.962353 -0.096000 4.417169 0.656264 
1.261563 1.081648 -0.331825 0.121429 1.057946 0.804483 -0.464117 -0.534872 0.656264 7.217017 

1.083333 2.166667 3.250000 4.333333 5.416667 6.500000 7.583333 8.666667 9.750000 10.833333 
