11.603376 -3.279055 2.504227 0.270389 1.684290 -0.718874 -1.113822 -0.560904 0.021054 -0.048667 
-3.279055 14.972705 -6.330239 -1.706039 2.496486 -0.271179 1.456179 -1.719470 -2.110595 1.258372 
2.504227 -6.330239 8.195964 -2.512158 0.255507 -0.628860 0.380272 -1.881675 1.340478 -0.183350 
0.270389 -1.706039 -2.512158 10.188138 -1.034198 -0.646624 1.908136 0.254184 -2.221448 0.481714 
1.684290 2.496486 0.255507 -1.034198 12.368321 -1.517839 -0.099119 0.333206 -1.735939 -3.945531 
-0.718874 -0.271179 -0.628860 -0.646624 -1.517839 17.783077 -1.231531 -1.118434 1.452382 0.162498 
-1.113822 1.456179 0.380272 1.908136 -0.099119 -1.231531 9.264542 -2.025658 -2.535821 2.909191 
-0.560904 -1.719470 -1.881675 0.254184 0.333206 -1.118434 -2.025658 13.013366 1.545652 0.537399 
0.021054 -2.110595 1.340478 -2.221448 -1.735939 1.452382 -2.535821 1.545652 9.607222 2.474295 
-0.048667 1.258372 -0.183350 0.481714 -3.945531 0.162498 2.909191 0.537399 2.474295 13.086624 

2.183333 4.366667 6.550000 8.733333 10.916667 13.100000 15.283333 17.466667 19.650000 21.833333 
