6.660102 2.650513 2.780516 -1.563517 0.871501 0.906116 0.231922 1.615877 -2.094500 1.719937 
2.650513 9.203159 -1.122337 0.730868 0.118545 -1.687581 -0.749851 2.166387 -1.704470 0.234550 
2.780516 -1.122337 7.406873 -0.100890 -1.106858 2.554236 -0.882671 -0.199173 -2.839944 1.891674 
-1.563517 0.730868 -0.100890 10.597699 -0.005324 -1.054816 2.561678 -0.117034 0.222065 0.162570 
0.871501 0.118545 -1.106858 -0.005324 8.193095 1.324873 0.318735 -3.149738 -0.136787 0.408569 
0.906116 -1.687581 2.554236 -1.054816 1.324873 10.698376 0.800077 0.497010 -1.096457 0.057412 
0.231922 -0.749851 -0.882671 2.561678 0.318735 0.800077 6.849280 -0.657801 -1.040684 0.950673 
1.615877 2.166387 -0.199173 -0.117034 -3.149738 0.497010 -0.657801 8.871137 0.562677 -1.092722 
-2.094500 -1.704470 -2.839944 0.222065 -0.136787 -1.096457 -1.040684 0.562677 7.287399 0.018640 
1.719937 0.234550 1.891674 0.162570 0.408569 0.057412 0.950673 -1.092722 0.018640 8.566214 

1.533333 3.066667 4.600000 6.133333 7.666667 9.200000 10.733333 12.266667 13.800000 15.333333 
