15.181112 2.855581 1.137025 -2.156546 2.042477 0.965703 1.955557 3.004665 -0.231320 2.560452 
2.855581 10.609910 0.874291 0.303777 0.873470 3.202876 2.664559 -0.403321 3.558275 0.580893 
1.137025 0.874291 11.192510 0.084185 -0.271504 1.460412 -0.201096 1.671311 0.200395 -2.156748 
-2.156546 0.303777 0.084185 6.773752 1.833842 0.074250 2.480306 -1.754772 -2.583444 -0.212188 
2.042477 0.873470 -0.271504 1.833842 11.392309 0.058276 0.645803 -1.903919 0.047825 -0.423346 
0.965703 3.202876 1.460412 0.074250 0.058276 15.774998 -3.521821 -0.664076 -3.536480 3.718313 
1.955557 2.664559 -0.201096 2.480306 0.645803 -3.521821 12.209768 -2.305733 0.536770 -1.300081 
3.004665 -0.403321 1.671311 -1.754772 -1.903919 -0.664076 -2.305733 11.247174 0.642190 -2.073926 
-0.231320 3.558275 0.200395 -2.583444 0.047825 -3.536480 0.536770 0.642190 10.611584 2.042090 
2.560452 0.580893 -2.156748 -0.212188 -0.423346 3.718313 -1.300081 -2.073926 2.042090 12.340216 

2.133333 4.266667 6.400000 8.533333 10.666667 12.800000 14.933333 17.066667 19.200000 21.333333 
