13.477886 1.681627 0.324429 0.038576 1.478814 -3.381793 1.599123 1.353674 -1.212267 -1.195564 
1.681627 12.594101 3.026416 0.673971 0.156223 3.163968 -4.007956 3.206118 -0.494319 1.099457 
0.324429 3.026416 15.667418 1.487473 -2.263303 -1.450883 -1.470978 2.122443 1.494476 -1.800770 
0.038576 0.673971 1.487473 13.027740 3.067811 0.934990 0.986785 3.434810 -1.582105 -0.394408 
1.478814 0.156223 -2.263303 3.067811 6.785054 1.194714 -1.896995 0.757824 1.102502 0.990721 
-3.381793 3.163968 -1.450883 0.934990 1.194714 13.349206 -1.651016 -2.350126 -5.305406 0.113378 
1.599123 -4.007956 -1.470978 0.986785 -1.896995 -1.651016 10.367833 -2.657736 0.276661 -0.391641 
1.353674 3.206118 2.122443 3.434810 0.757824 -2.350126 -2.657736 13.149250 -0.560950 4.214672 
-1.212267 -0.494319 1.494476 -1.582105 1.102502 -5.305406 0.276661 -0.560950 12.367044 0.408475 
-1.195564 1.099457 -1.800770 -0.394408 0.990721 0.113378 -0.391641 4.214672 0.408475 15.714469 

2.300000 4.600000 6.900000 9.200000 11.500000 13.800000 16.100000 18.400000 20.700000 23.000000 
