3.305471 -0.175322 -1.049556 -0.343388 -0.827488 1.850251 0.177166 0.065295 0.555336 0.655325 
-0.175322 6.982317 1.363143 0.400152 -0.371791 0.326309 -1.083957 -1.214205 -0.488367 -0.676444 
-1.049556 1.363143 7.328023 0.349986 -1.317839 -1.393742 1.510869 -0.305821 0.806543 -0.638083 
-0.343388 0.400152 0.349986 5.110054 -2.152564 -0.645281 -1.299110 1.428001 0.508070 0.267983 
-0.827488 -0.371791 -1.317839 -2.152564 8.148773 0.720643 -0.261746 -0.051196 -0.329249 0.712048 
1.850251 0.326309 -1.393742 -0.645281 0.720643 3.646646 0.583472 -1.129925 1.461329 0.719955 
0.177166 -1.083957 1.510869 -1.299110 -0.261746 0.583472 6.804634 -0.521846 0.461985 -1.731417 
0.065295 -1.214205 -0.305821 1.428001 -0.051196 -1.129925 -0.521846 7.747761 0.587996 0.105127 
0.555336 -0.488367 0.806543 0.508070 -0.329249 1.461329 0.461985 0.587996 6.005854 -0.194731 
0.655325 -0.676444 -0.638083 0.267983 0.712048 0.719955 -1.731417 0.105127 -0.194731 5.420466 

1.100000 2.200000 3.300000 4.400000 5.500000 6.600000 7.700000 8.800000 9.900000 11.000000 
