9.260627 0.796300 -2.176014 3.344405 0.524229 -1.626042 0.207899 0.405796 0.016525 1.552455 
0.796300 11.019367 1.701066 0.856149 -0.381845 1.937529 0.399266 0.447553 1.450559 -0.946346 
-2.176014 1.701066 10.932193 -1.676243 -1.146367 0.665082 0.665806 -0.383131 -3.241137 -2.534872 
3.344405 0.856149 -1.676243 5.377571 3.225105 0.423836 0.835962 0.793790 -0.055099 0.572162 
0.524229 -0.381845 -1.146367 3.225105 13.503774 2.470220 -2.700059 1.929749 0.635968 0.579273 
-1.626042 1.937529 0.665082 0.423836 2.470220 9.191404 1.380165 -0.726890 2.661932 -1.041215 
0.207899 0.399266 0.665806 0.835962 -2.700059 1.380165 8.713953 2.561137 2.909287 0.016358 
0.405796 0.447553 -0.383131 0.793790 1.929749 -0.726890 2.561137 9.817976 -1.566366 1.329116 
0.016525 1.450559 -3.241137 -0.055099 0.635968 2.661932 2.909287 -1.566366 10.915834 -0.888580 
1.552455 -0.946346 -2.534872 0.572162 0.579273 -1.041215 0.016358 1.329116 -0.888580 11.183968 

1.816667 3.633333 5.450000 7.266667 9.083333 10.900000 12.716667 14.533333 16.350000 18.166667 
