10.036916 -2.723124 -3.508848 -2.698835 -1.107430 -3.013002 -2.345639 -2.943921 0.250557 0.288963 
-2.723124 9.290637 -0.976256 1.529057 0.364873 -0.201885 3.223785 -0.975913 -2.141680 -0.322626 
-3.508848 -0.976256 13.372950 -0.137543 0.992787 -3.505909 -1.183384 1.294586 0.969069 -2.103318 
-2.698835 1.529057 -0.137543 11.692246 -1.503620 -0.506961 -0.153814 -0.736743 -0.553558 -2.881273 
-1.107430 0.364873 0.992787 -1.503620 11.473391 1.534391 -1.085685 -0.175745 -0.330262 1.746492 
-3.013002 -0.201885 -3.505909 -0.506961 1.534391 10.302552 0.338143 0.846244 -1.981560 -0.635296 
-2.345639 3.223785 -1.183384 -0.153814 -1.085685 0.338143 9.121165 0.238831 1.515130 -0.656700 
-2.943921 -0.975913 1.294586 -0.736743 -0.175745 0.846244 0.238831 8.632233 2.504896 -1.027429 
0.250557 -2.141680 0.969069 -0.553558 -0.330262 -1.981560 1.515130 2.504896 10.377315 -3.667547 
0.288963 -0.322626 -2.103318 -2.881273 1.746492 -0.635296 -0.656700 -1.027429 -3.667547 10.200594 

1.900000 3.800000 5.700000 7.600000 9.500000 11.400000 13.300000 15.200000 17.100000 19.000000 
