11.842799 0.450726 -1.626076 0.945643 -2.262015 1.803649 1.616760 -0.252534 -3.486960 -1.548470 
0.450726 15.500169 2.322223 0.566977 0.419564 2.873914 -2.607683 -1.009117 -2.953721 2.493698 
-1.626076 2.322223 16.055847 0.668518 2.284049 0.400395 -0.559152 -1.353246 -3.138146 -0.896990 
0.945643 0.566977 0.668518 11.395768 -1.491288 2.576822 -3.457497 2.156753 1.117887 0.320217 
-2.262015 0.419564 2.284049 -1.491288 11.457771 0.072744 2.798040 -1.912234 3.537536 -2.826408 
1.803649 2.873914 0.400395 2.576822 0.072744 9.967788 -1.431791 -0.497816 0.459920 0.032713 
1.616760 -2.607683 -0.559152 -3.457497 2.798040 -1.431791 8.082497 3.295485 -2.088453 -0.413586 
-0.252534 -1.009117 -1.353246 2.156753 -1.912234 -0.497816 3.295485 10.956361 -3.546641 1.865298 
-3.486960 -2.953721 -3.138146 1.117887 3.537536 0.459920 -2.088453 -3.546641 13.670874 -1.236557 
-1.548470 2.493698 -0.896990 0.320217 -2.826408 0.032713 -0.413586 1.865298 -1.236557 14.820125 

2.250000 4.500000 6.750000 9.000000 11.250000 13.500000 15.750000 18.000000 20.250000 22.500000 
